
File produced by vmc_phase_angle_analysis.pro  (v20151021)

   ID    pa(˚) d_pa(˚)  B   dB   ia(˚) d_ia(˚)  ea(˚) d_ea()
C_END
    260    89.25  1.3126   1.035  0.0312   63.30  17.78   44.49  19.79
    260    89.22  1.3127   1.038  0.0307   63.28  17.78   44.49  19.79
    260    89.19  1.3128   1.037  0.0279   63.26  17.78   44.49  19.79
    260    88.25  1.3278   1.018  0.0371   62.98  17.96   44.19  19.92
    260    88.21  1.3281   1.026  0.0351   62.97  17.96   44.18  19.92
    260    88.18  1.3285   1.030  0.0317   62.96  17.97   44.18  19.92
    268    90.34  1.2918   0.777  0.0571   63.73  17.57   44.78  19.68
    268    90.31  1.2919   0.780  0.0571   63.71  17.57   44.78  19.68
    268    90.29  1.2921   0.768  0.0518   63.70  17.57   44.79  19.69
    268    89.52  1.3037   0.787  0.0686   63.46  17.74   44.53  19.80
    268    89.50  1.3042   0.789  0.0688   63.45  17.75   44.53  19.80
    268    89.47  1.3043   0.769  0.0599   63.44  17.75   44.52  19.80
    270    90.62  1.2865   0.663  0.0292   63.89  17.52   44.83  19.66
    270    90.59  1.2867   0.666  0.0295   63.87  17.53   44.83  19.66
    270    90.57  1.2865   0.660  0.0282   63.86  17.52   44.82  19.65
    270    89.86  1.2962   0.673  0.0299   63.65  17.65   44.57  19.78
    270    89.83  1.2966   0.672  0.0311   63.65  17.65   44.56  19.78
    270    89.81  1.2965   0.682  0.0287   63.65  17.64   44.54  19.76
    272    90.91  1.2814   0.654  0.0299   63.93  17.47   44.93  19.63
    272    90.89  1.2818   0.653  0.0286   63.92  17.47   44.93  19.63
    272    90.86  1.2822   0.652  0.0290   63.91  17.48   44.93  19.64
    272    90.21  1.2893   0.653  0.0221   63.65  17.60   44.78  19.68
    272    90.19  1.2895   0.655  0.0209   63.64  17.61   44.78  19.68
    272    90.16  1.2896   0.649  0.0218   63.62  17.61   44.79  19.68
    422    76.45  2.5732   0.530  0.0243   59.90  19.37   41.60  20.18
    422    75.89  2.7159   0.532  0.0228   59.79  19.40   41.54  20.15
    422    75.29  2.8819   0.529  0.0190   59.66  19.43   41.49  20.11
    422    74.87  3.0090   0.528  0.0189   59.58  19.44   41.45  20.08
    422    74.68  2.9844   0.617  0.0312   55.07  17.72   40.78  19.85
    422    74.37  3.1026   0.601  0.0297   54.05  17.45   40.39  19.72
    422    74.06  3.2434   0.587  0.0272   52.96  17.20   39.92  19.58
    422    74.50  3.0025   0.617  0.0342   48.36  15.51   41.33  19.37
    422    74.34  3.0955   0.605  0.0333   47.90  15.44   41.08  19.33
    422    74.19  3.1971   0.593  0.0324   47.43  15.37   40.79  19.28
    422    74.04  3.3084   0.581  0.0310   46.97  15.30   40.50  19.25
    422    73.89  3.4318   0.568  0.0288   46.49  15.25   40.19  19.22
    422    73.75  3.5675   0.556  0.0256   46.01  15.19   39.87  19.21
    422    73.62  3.7181   0.545  0.0226   45.53  15.13   39.55  19.21
    422    73.51  3.8856   0.534  0.0203   45.05  15.08   39.21  19.22
    422    73.41  4.0731   0.524  0.0162   44.58  15.02   38.87  19.25
    422    73.33  4.2806   0.516  0.0131   44.15  14.96   38.43  19.21
    424    74.76  2.6278   0.374  0.0147   59.34  19.60   41.43  20.11
    424    74.72  2.6371   0.374  0.0145   59.33  19.60   41.42  20.10
    424    74.67  2.6475   0.374  0.0141   59.32  19.61   41.43  20.10
    424    74.63  2.6565   0.374  0.0139   59.30  19.60   41.41  20.09
    424    74.59  2.6672   0.374  0.0141   59.30  19.61   41.42  20.10
    424    74.12  2.7757   0.371  0.0118   59.19  19.64   41.38  20.07
    424    74.07  2.7869   0.371  0.0118   59.18  19.64   41.37  20.05
    424    74.02  2.7984   0.370  0.0122   59.17  19.65   41.38  20.06
    424    73.98  2.8102   0.370  0.0118   59.16  19.65   41.38  20.06
    424    73.93  2.8211   0.370  0.0120   59.15  19.65   41.36  20.05
    424    73.43  2.9481   0.364  0.0115   59.03  19.67   41.34  20.02
    424    73.38  2.9618   0.363  0.0115   59.03  19.68   41.34  20.02
    424    73.32  2.9750   0.362  0.0109   59.02  19.68   41.34  20.01
    424    73.27  2.9880   0.363  0.0115   59.01  19.68   41.33  20.00
    424    73.22  3.0020   0.363  0.0117   58.99  19.68   41.32  19.99
    424    72.93  3.0806   0.359  0.0112   58.93  19.70   41.31  19.98
    424    72.89  3.0929   0.360  0.0110   58.92  19.70   41.32  19.98
    424    72.84  3.1050   0.359  0.0115   58.92  19.70   41.31  19.97
    424    72.80  3.1176   0.359  0.0112   58.90  19.70   41.31  19.96
    424    72.75  3.1310   0.359  0.0112   58.89  19.71   41.30  19.96
    424    72.42  3.2314   0.356  0.0109   58.75  19.70   41.18  19.84
    424    72.38  3.2469   0.356  0.0108   58.72  19.70   41.15  19.81
    424    72.33  3.2610   0.356  0.0111   58.69  19.69   41.10  19.78
    424    72.28  3.2770   0.356  0.0111   58.65  19.70   41.06  19.74
    424    72.24  3.2930   0.356  0.0108   58.62  19.70   41.01  19.71
    424    72.75  2.9834   0.450  0.0136   53.52  17.59   40.78  19.85
    424    72.72  2.9928   0.451  0.0142   53.43  17.57   40.74  19.84
    424    72.68  3.0025   0.448  0.0137   53.34  17.54   40.71  19.83
    424    72.65  3.0121   0.447  0.0136   53.25  17.51   40.68  19.81
    424    72.62  3.0222   0.446  0.0135   53.15  17.49   40.65  19.80
    424    72.37  3.1018   0.436  0.0124   52.43  17.31   40.39  19.72
    424    72.34  3.1132   0.435  0.0124   52.33  17.28   40.35  19.70
    424    72.30  3.1249   0.435  0.0122   52.23  17.26   40.32  19.70
    424    72.27  3.1366   0.433  0.0119   52.13  17.23   40.27  19.68
    424    72.23  3.1486   0.432  0.0118   52.03  17.21   40.24  19.67
    424    71.98  3.2425   0.423  0.0109   51.27  17.03   39.93  19.58
    424    71.96  3.2515   0.422  0.0106   51.20  17.02   39.89  19.57
    424    71.93  3.2610   0.421  0.0108   51.13  17.00   39.86  19.56
    424    71.91  3.2706   0.421  0.0107   51.05  16.99   39.83  19.56
    424    71.89  3.2801   0.420  0.0108   50.98  16.97   39.80  19.55
    424    72.33  3.0018   0.449  0.0188   46.60  15.32   41.33  19.37
    424    72.31  3.0126   0.449  0.0185   46.54  15.31   41.31  19.37
    424    72.29  3.0234   0.448  0.0183   46.48  15.30   41.28  19.36
    424    72.26  3.0342   0.448  0.0181   46.42  15.29   41.24  19.35
    424    72.24  3.0453   0.447  0.0179   46.36  15.28   41.21  19.35
    424    72.13  3.0948   0.445  0.0174   46.10  15.24   41.08  19.33
    424    72.11  3.1066   0.444  0.0171   46.03  15.23   41.04  19.32
    424    72.09  3.1184   0.443  0.0170   45.97  15.22   41.01  19.32
    424    72.06  3.1305   0.442  0.0169   45.91  15.21   40.98  19.32
    424    72.04  3.1424   0.441  0.0169   45.85  15.20   40.94  19.31
    424    71.93  3.1965   0.438  0.0161   45.58  15.16   40.79  19.28
    424    71.91  3.2094   0.437  0.0154   45.52  15.15   40.76  19.28
    424    71.88  3.2225   0.436  0.0150   45.46  15.14   40.73  19.28
    424    71.86  3.2354   0.435  0.0148   45.39  15.13   40.69  19.27
    424    71.84  3.2487   0.434  0.0144   45.33  15.12   40.65  19.26
    424    71.73  3.3079   0.431  0.0128   45.06  15.08   40.50  19.25
    424    71.71  3.3221   0.430  0.0126   44.99  15.07   40.46  19.25
    424    71.69  3.3367   0.430  0.0122   44.93  15.06   40.43  19.24
    424    71.66  3.3510   0.429  0.0119   44.87  15.05   40.39  19.24
    424    71.64  3.3653   0.428  0.0116   44.80  15.04   40.35  19.23
    424    71.54  3.4312   0.425  0.0107   44.52  15.01   40.19  19.22
    424    71.51  3.4463   0.424  0.0105   44.46  15.00   40.15  19.22
    424    71.49  3.4626   0.424  0.0105   44.39  14.99   40.12  19.22
    424    71.47  3.4785   0.423  0.0101   44.33  14.98   40.08  19.22
    424    71.44  3.4941   0.422  0.0100   44.27  14.97   40.04  19.21
    424    71.34  3.5669   0.419  0.0100   43.98  14.94   39.87  19.21
    424    71.32  3.5841   0.418  0.0099   43.92  14.93   39.83  19.21
    424    71.30  3.6018   0.417  0.0097   43.85  14.92   39.80  19.21
    424    71.27  3.6191   0.416  0.0098   43.79  14.91   39.76  19.21
    424    71.25  3.6371   0.415  0.0097   43.72  14.90   39.72  19.21
    424    71.16  3.7175   0.411  0.0108   43.44  14.87   39.55  19.21
    424    71.13  3.7364   0.409  0.0111   43.37  14.86   39.50  19.21
    424    71.11  3.7560   0.408  0.0118   43.31  14.85   39.46  19.21
    424    71.09  3.7757   0.407  0.0122   43.24  14.85   39.43  19.21
    424    71.07  3.7953   0.405  0.0126   43.18  14.84   39.38  19.21
    424    70.98  3.8851   0.400  0.0139   42.89  14.80   39.21  19.22
    424    70.96  3.9066   0.398  0.0138   42.82  14.80   39.17  19.23
    424    70.94  3.9282   0.397  0.0139   42.76  14.79   39.13  19.23
    424    70.92  3.9501   0.396  0.0139   42.69  14.78   39.09  19.23
    424    70.90  3.9721   0.395  0.0138   42.63  14.77   39.05  19.23
    424    70.82  4.0726   0.389  0.0127   42.35  14.74   38.87  19.25
    424    70.80  4.0965   0.387  0.0124   42.28  14.73   38.83  19.25
    424    70.79  4.1209   0.385  0.0119   42.22  14.72   38.79  19.26
    424    70.77  4.1452   0.384  0.0107   42.15  14.71   38.74  19.26
    424    70.75  4.1701   0.382  0.0104   42.09  14.71   38.70  19.26
    424    70.67  4.2800   0.375  0.0100   41.83  14.68   38.43  19.21
    427    72.33  2.7067   0.451  0.0301   58.54  19.92   41.25  19.98
    427    72.28  2.7163   0.450  0.0301   58.52  19.91   41.24  19.97
    427    72.22  2.7271   0.450  0.0294   58.51  19.92   41.25  19.98
    427    72.17  2.7374   0.450  0.0296   58.49  19.92   41.24  19.96
    427    72.12  2.7477   0.451  0.0297   58.48  19.93   41.24  19.96
    427    71.56  2.8623   0.452  0.0277   58.34  19.97   41.22  19.92
    427    71.50  2.8739   0.453  0.0277   58.33  19.96   41.21  19.91
    427    71.44  2.8863   0.453  0.0272   58.31  19.97   41.22  19.91
    427    71.39  2.8982   0.452  0.0266   58.30  19.98   41.22  19.91
    427    71.33  2.9103   0.453  0.0265   58.29  19.97   41.20  19.89
    427    70.73  3.0445   0.452  0.0227   58.13  20.01   41.20  19.86
    427    70.67  3.0578   0.452  0.0224   58.11  20.02   41.20  19.85
    427    70.60  3.0722   0.453  0.0220   58.11  20.02   41.20  19.85
    427    70.54  3.0861   0.453  0.0218   58.09  20.02   41.19  19.84
    427    70.48  3.1001   0.452  0.0207   58.07  20.02   41.19  19.83
    427    70.13  3.1832   0.454  0.0200   57.98  20.04   41.19  19.80
    427    70.08  3.1965   0.454  0.0197   57.97  20.05   41.19  19.81
    427    70.03  3.2088   0.455  0.0199   57.96  20.05   41.19  19.80
    427    69.97  3.2226   0.455  0.0198   57.95  20.05   41.19  19.79
    427    69.92  3.2362   0.455  0.0202   57.93  20.05   41.18  19.78
    427    69.51  3.3427   0.456  0.0200   57.76  20.05   41.07  19.65
    427    69.46  3.3590   0.458  0.0200   57.72  20.05   41.04  19.62
    427    69.40  3.3747   0.457  0.0197   57.69  20.05   41.00  19.59
    427    69.35  3.3908   0.459  0.0197   57.65  20.05   40.96  19.55
    427    69.29  3.4078   0.460  0.0198   57.61  20.05   40.91  19.51
    427    69.95  2.9823   0.502  0.0278   51.31  17.38   40.77  19.85
    427    69.90  2.9919   0.502  0.0277   51.21  17.35   40.74  19.84
    427    69.86  3.0016   0.501  0.0273   51.11  17.32   40.71  19.83
    427    69.82  3.0111   0.500  0.0275   51.01  17.29   40.68  19.81
    427    69.77  3.0212   0.499  0.0272   50.91  17.26   40.64  19.80
    427    69.46  3.1009   0.493  0.0268   50.12  17.06   40.39  19.72
    427    69.41  3.1123   0.492  0.0270   50.01  17.03   40.35  19.70
    427    69.37  3.1240   0.491  0.0270   49.90  17.00   40.32  19.69
    427    69.32  3.1357   0.490  0.0277   49.79  16.97   40.27  19.68
    427    69.28  3.1477   0.490  0.0279   49.68  16.95   40.23  19.67
    427    68.95  3.2418   0.481  0.0298   48.85  16.75   39.92  19.58
    427    68.92  3.2508   0.480  0.0296   48.77  16.73   39.89  19.57
    427    68.89  3.2601   0.479  0.0301   48.69  16.71   39.85  19.56
    427    68.86  3.2699   0.478  0.0300   48.61  16.69   39.83  19.56
    427    68.83  3.2794   0.478  0.0302   48.53  16.68   39.80  19.55
    427    69.17  3.0012   0.501  0.0233   44.10  15.00   41.33  19.37
    427    69.14  3.0119   0.501  0.0237   44.03  14.98   41.31  19.37
    427    69.11  3.0227   0.500  0.0240   43.96  14.97   41.27  19.36
    427    69.08  3.0337   0.500  0.0248   43.90  14.96   41.24  19.35
    427    69.05  3.0448   0.500  0.0252   43.83  14.94   41.21  19.35
    427    68.91  3.0944   0.498  0.0269   43.53  14.89   41.08  19.33
    427    68.87  3.1061   0.498  0.0274   43.46  14.87   41.04  19.33
    427    68.84  3.1179   0.497  0.0278   43.39  14.86   41.01  19.32
    427    68.81  3.1301   0.496  0.0280   43.32  14.85   40.98  19.32
    427    68.77  3.1420   0.496  0.0282   43.25  14.84   40.94  19.31
    427    68.63  3.1962   0.492  0.0286   42.94  14.78   40.80  19.29
    427    68.60  3.2089   0.492  0.0285   42.87  14.77   40.76  19.28
    427    68.57  3.2221   0.490  0.0286   42.80  14.76   40.72  19.27
    427    68.53  3.2351   0.489  0.0287   42.73  14.74   40.69  19.27
    427    68.50  3.2483   0.488  0.0288   42.66  14.73   40.65  19.26
    427    68.36  3.3075   0.483  0.0288   42.34  14.68   40.50  19.25
    427    68.32  3.3218   0.482  0.0288   42.27  14.67   40.46  19.25
    427    68.29  3.3364   0.481  0.0290   42.20  14.66   40.43  19.24
    427    68.26  3.3507   0.480  0.0292   42.12  14.64   40.39  19.24
    427    68.22  3.3651   0.479  0.0293   42.05  14.63   40.35  19.23
    427    68.08  3.4310   0.473  0.0297   41.73  14.58   40.19  19.23
    427    68.05  3.4462   0.471  0.0298   41.65  14.57   40.15  19.22
    427    68.01  3.4625   0.470  0.0299   41.58  14.56   40.12  19.22
    427    67.98  3.4783   0.469  0.0299   41.50  14.55   40.08  19.22
    427    67.95  3.4943   0.468  0.0299   41.43  14.54   40.04  19.22
    427    67.80  3.5668   0.462  0.0301   41.10  14.49   39.87  19.21
    427    67.77  3.5837   0.460  0.0301   41.02  14.48   39.83  19.20
    427    67.74  3.6017   0.459  0.0301   40.95  14.47   39.80  19.21
    427    67.70  3.6191   0.458  0.0299   40.87  14.45   39.76  19.21
    427    67.67  3.6371   0.457  0.0299   40.79  14.44   39.72  19.21
    427    67.53  3.7175   0.450  0.0286   40.46  14.40   39.55  19.21
    427    67.50  3.7365   0.449  0.0282   40.38  14.39   39.51  19.21
    427    67.46  3.7560   0.448  0.0276   40.30  14.38   39.46  19.21
    427    67.43  3.7756   0.447  0.0268   40.23  14.37   39.42  19.21
    427    67.40  3.7953   0.446  0.0261   40.15  14.35   39.38  19.21
    427    67.26  3.8851   0.442  0.0220   39.81  14.31   39.21  19.22
    427    67.23  3.9066   0.441  0.0209   39.73  14.30   39.17  19.23
    427    67.20  3.9284   0.440  0.0200   39.65  14.29   39.13  19.23
    427    67.17  3.9501   0.440  0.0189   39.58  14.28   39.09  19.23
    427    67.14  3.9723   0.439  0.0181   39.50  14.27   39.04  19.23
    427    67.00  4.0727   0.438  0.0146   39.16  14.22   38.87  19.25
    427    66.97  4.0964   0.438  0.0140   39.08  14.21   38.83  19.25
    427    66.94  4.1210   0.438  0.0131   39.00  14.20   38.79  19.26
    427    66.91  4.1454   0.437  0.0114   38.92  14.19   38.74  19.26
    427    66.88  4.1705   0.438  0.0110   38.84  14.18   38.70  19.26
    427    66.75  4.2802   0.437  0.0108   38.52  14.15   38.43  19.21
    642    89.08  1.3080   0.753  0.0566   63.31  17.80   44.38  19.82
    642    89.08  1.3080   0.757  0.0582   63.31  17.80   44.39  19.83
    642    88.82  1.3143   0.742  0.0561   63.23  17.85   44.32  19.87
    642    88.55  1.3218   0.734  0.0558   63.14  17.90   44.25  19.90
    642    88.28  1.3304   0.724  0.0565   63.07  17.93   44.16  19.91
    642    88.28  1.3308   0.727  0.0560   63.06  17.93   44.15  19.91
    642    88.02  1.3413   0.719  0.0565   62.97  17.98   44.08  19.94
    642    87.75  1.3533   0.713  0.0562   62.89  18.03   44.02  19.97
    642    87.49  1.3664   0.708  0.0565   62.82  18.05   43.94  19.99
    642    87.48  1.3669   0.708  0.0568   62.82  18.05   43.93  19.98
    642    87.22  1.3827   0.703  0.0563   62.73  18.11   43.88  20.02
    642    86.95  1.3996   0.698  0.0571   62.65  18.14   43.79  20.03
    642    86.68  1.4189   0.694  0.0577   62.57  18.18   43.72  20.05
    642    86.67  1.4197   0.692  0.0579   62.57  18.19   43.72  20.05
    642    86.41  1.4416   0.689  0.0578   62.50  18.23   43.63  20.09
    642    86.13  1.4661   0.685  0.0587   62.43  18.26   43.52  20.10
    642    85.84  1.4931   0.681  0.0588   62.37  18.30   43.44  20.13
    642    85.84  1.4942   0.677  0.0574   62.35  18.31   43.45  20.14
    642    85.56  1.5226   0.677  0.0593   62.29  18.33   43.37  20.14
    642    85.26  1.5554   0.674  0.0606   62.21  18.37   43.28  20.15
    642    84.96  1.5917   0.671  0.0628   62.13  18.39   43.22  20.16
    642    84.96  1.5925   0.665  0.0612   62.12  18.39   43.23  20.17
    642    84.66  1.6335   0.666  0.0637   62.05  18.44   43.14  20.20
    642    84.34  1.6800   0.662  0.0656   61.97  18.48   43.06  20.22
    642    84.01  1.7307   0.656  0.0666   61.89  18.50   42.97  20.22
    642    84.01  1.7323   0.648  0.0626   61.88  18.51   42.99  20.24
    642    83.68  1.7895   0.650  0.0671   61.81  18.54   42.89  20.25
    642    83.33  1.8546   0.642  0.0681   61.72  18.57   42.81  20.25
    642    82.98  1.9338   0.633  0.0685   61.44  18.60   42.31  20.03
    642    82.97  1.9356   0.625  0.0629   61.44  18.60   42.28  20.01
    642    82.57  2.0226   0.624  0.0672   61.42  18.67   40.87  19.37
    642    82.12  2.1124   0.616  0.0651   61.69  18.56   39.39  19.06
    643    85.86  1.4670   0.675  0.0585   62.35  18.32   43.46  20.13
    643    85.85  1.4676   0.677  0.0604   62.35  18.32   43.46  20.13
    643    84.92  1.5559   0.653  0.0539   62.10  18.43   43.22  20.18
    643    84.91  1.5568   0.655  0.0558   62.09  18.43   43.22  20.18
    643    83.92  1.6787   0.630  0.0483   61.84  18.54   42.95  20.22
    643    83.91  1.6799   0.632  0.0487   61.84  18.54   42.96  20.23
    643    82.81  1.8528   0.609  0.0432   61.59  18.65   42.68  20.27
    643    82.80  1.8544   0.610  0.0426   61.59  18.65   42.68  20.28
    643    81.56  2.1091   0.593  0.0388   61.31  18.76   42.41  20.29
    643    81.54  2.1116   0.594  0.0386   61.31  18.76   42.40  20.29
    643    80.05  2.5164   0.581  0.0378   61.12  18.81   42.06  20.28
    643    80.04  2.5212   0.582  0.0412   61.12  18.82   42.06  20.28
    643    78.67  3.0784   0.594  0.0390   57.76  17.74   40.47  19.74
    643    78.66  3.0850   0.592  0.0386   57.71  17.73   40.45  19.73
    644    88.91  1.3119   0.814  0.0645   63.26  17.84   44.33  19.87
    644    88.90  1.3121   0.818  0.0685   63.26  17.85   44.33  19.87
    644    88.60  1.3188   0.804  0.0660   63.17  17.89   44.23  19.90
    644    88.28  1.3263   0.796  0.0678   63.10  17.91   44.12  19.91
    644    87.98  1.3369   0.787  0.0694   62.98  17.99   44.05  19.95
    644    87.97  1.3374   0.791  0.0726   62.97  18.00   44.05  19.96
    644    87.67  1.3486   0.782  0.0714   62.87  18.05   43.97  19.99
    644    87.36  1.3616   0.777  0.0731   62.78  18.09   43.89  20.02
    644    87.05  1.3763   0.771  0.0744   62.68  18.15   43.79  20.03
    644    87.04  1.3769   0.774  0.0773   62.67  18.15   43.79  20.03
    644    86.73  1.3923   0.765  0.0759   62.59  18.18   43.71  20.06
    644    86.42  1.4108   0.761  0.0779   62.49  18.23   43.61  20.07
    644    86.10  1.4313   0.757  0.0789   62.40  18.28   43.54  20.10
    644    86.09  1.4317   0.760  0.0815   62.40  18.27   43.53  20.09
    644    85.78  1.4534   0.753  0.0807   62.31  18.30   43.46  20.11
    644    85.45  1.4794   0.749  0.0817   62.20  18.37   43.39  20.15
    644    85.12  1.5071   0.746  0.0839   62.10  18.42   43.30  20.15
    644    85.11  1.5078   0.747  0.0854   62.10  18.42   43.30  20.15
    644    84.77  1.5397   0.743  0.0862   62.03  18.47   43.19  20.20
    644    84.43  1.5743   0.741  0.0879   61.93  18.51   43.09  20.21
    644    84.07  1.6129   0.738  0.0900   61.82  18.56   43.01  20.22
    644    84.06  1.6137   0.737  0.0902   61.83  18.56   43.00  20.21
    644    83.71  1.6550   0.736  0.0918   61.73  18.60   42.95  20.24
    644    83.33  1.7036   0.733  0.0936   61.64  18.64   42.84  20.26
    644    82.94  1.7574   0.729  0.0945   61.53  18.69   42.75  20.27
    644    82.93  1.7587   0.728  0.0939   61.53  18.69   42.75  20.26
    644    82.54  1.8170   0.726  0.0965   61.44  18.71   42.64  20.26
    644    82.12  1.8862   0.721  0.0997   61.33  18.77   42.57  20.28
    644    81.69  1.9672   0.715  0.1011   61.07  18.81   42.05  20.01
    644    81.67  1.9694   0.710  0.0987   61.07  18.81   42.02  19.99
    644    81.19  2.0575   0.707  0.1020   61.08  18.86   40.53  19.32
    644    80.64  2.1490   0.698  0.1030   61.35  18.73   39.04  18.99
    959    94.85  1.2296   0.742  0.0384   65.17  16.75   46.32  19.03
    959    94.61  1.2232   0.717  0.0429   65.06  16.79   46.28  19.02
    959    94.32  1.2197   0.713  0.0488   64.97  16.84   46.16  19.09
    959    94.04  1.2209   0.707  0.0547   64.90  16.94   46.01  19.17
    959    93.77  1.2210   0.695  0.0587   64.77  16.97   46.00  19.16
    961    94.55  1.2309   0.751  0.0339   65.03  16.82   46.26  19.04
    961    94.32  1.2243   0.742  0.0407   64.96  16.87   46.17  19.10
    961    94.11  1.2207   0.736  0.0455   64.89  16.90   46.09  19.10
    961    93.90  1.2206   0.730  0.0493   64.82  16.96   46.01  19.16
    961    93.70  1.2218   0.720  0.0531   64.75  16.98   45.98  19.17
    963    92.38  1.3984   0.995  0.0370   64.51  17.17   45.43  19.40
    963    92.25  1.4404   0.999  0.0304   64.48  17.16   45.35  19.47
    963    92.13  1.4880   1.010  0.0293   64.39  17.12   45.34  19.47
    963    91.99  1.5529   1.025  0.0274   64.47  17.15   45.19  19.52
    963    91.87  1.6251   1.039  0.0237   64.46  17.12   45.14  19.57
    963    91.78  1.6828   1.049  0.0235   64.49  17.11   45.10  19.58
    963    91.66  1.7829   1.061  0.0193   64.54  17.07   45.02  19.60
    963    91.59  1.8443   1.069  0.0205   64.60  17.06   44.93  19.65
    963    91.53  1.9104   1.063  0.0232   64.60  17.03   44.92  19.66
    963    91.47  1.9869   1.074  0.0226   64.65  17.01   44.86  19.68
    963    91.42  2.0733   1.083  0.0187   64.71  16.97   44.80  19.71
    963    91.36  2.1730   1.084  0.0221   64.77  16.94   44.75  19.75
    963    91.31  2.2871   1.093  0.0244   64.83  16.88   44.70  19.76
    963    91.28  2.3754   1.090  0.0266   64.88  16.85   44.66  19.79
    963    91.26  2.4725   1.084  0.0245   64.93  16.81   44.60  19.80
    963    91.31  2.5578   1.084  0.0265   64.58  16.60   43.61  19.52
    963    91.34  2.6821   1.081  0.0273   64.38  16.56   43.10  19.37
    963    91.39  2.8313   1.097  0.0350   64.18  16.54   42.43  19.23
    963    91.60  2.9654   1.062  0.0237   63.21  16.39   41.46  19.41
    963    94.26  1.2298   0.878  0.0703   64.95  16.85   46.15  19.09
    963    94.11  1.2237   0.876  0.0786   64.91  16.88   46.08  19.10
    963    93.96  1.2217   0.872  0.0865   64.86  16.95   46.02  19.17
    963    93.83  1.2201   0.854  0.0876   64.79  16.96   46.01  19.16
    965    93.19  1.3412   0.945  0.0285   64.69  17.03   45.71  19.29
    965    93.14  1.3694   0.956  0.0265   64.73  17.02   45.63  19.34
    965    93.10  1.4075   0.969  0.0260   64.72  17.00   45.62  19.35
    965    93.06  1.4526   0.980  0.0268   64.73  16.98   45.61  19.35
    965    93.03  1.5073   0.993  0.0265   64.74  16.97   45.61  19.36
    965    93.01  1.5722   1.004  0.0284   64.77  16.93   45.59  19.36
    965    92.99  1.6523   1.008  0.0288   64.86  16.90   45.55  19.36
    965    92.98  1.7509   1.015  0.0305   64.97  16.85   45.44  19.44
    965    92.99  1.8072   1.014  0.0303   64.98  16.83   45.43  19.44
    965    93.01  1.8698   1.011  0.0339   65.00  16.79   45.45  19.45
    965    93.03  1.9401   1.008  0.0357   65.04  16.74   45.45  19.46
    965    93.04  2.0240   1.011  0.0344   65.24  16.68   45.34  19.48
    965    93.08  2.1159   1.012  0.0337   65.27  16.63   45.37  19.49
    965    93.12  2.2259   0.998  0.0353   65.40  16.57   45.28  19.54
    965    93.16  2.3087   0.989  0.0357   65.47  16.53   45.28  19.53
    965    93.21  2.3985   0.976  0.0350   65.52  16.46   45.28  19.51
    965    93.33  2.4770   0.965  0.0341   65.28  16.27   44.38  19.25
    965    93.44  2.5927   0.944  0.0298   65.14  16.22   43.89  19.12
    965    94.02  1.2310   0.889  0.0325   64.89  16.94   46.02  19.18
    965    93.95  1.2241   0.882  0.0383   64.86  16.93   46.00  19.16
    965    93.88  1.2208   0.873  0.0419   64.81  16.96   46.01  19.16
    965    93.82  1.2197   0.865  0.0474   64.79  16.96   46.02  19.17
    967    93.79  1.2575   0.974  0.0617   64.81  16.93   45.97  19.16
    967    93.84  1.3277   0.985  0.0485   64.88  16.91   45.95  19.21
    967    93.86  1.3535   0.987  0.0523   64.92  16.88   45.93  19.21
    967    93.90  1.3908   0.989  0.0551   64.97  16.86   45.91  19.22
    967    93.95  1.4347   0.993  0.0590   65.05  16.83   45.88  19.23
    967    94.01  1.4855   0.991  0.0610   65.05  16.80   45.96  19.19
    967    94.09  1.5471   0.981  0.0582   65.12  16.74   45.96  19.20
    967    94.19  1.6226   0.975  0.0519   65.23  16.68   45.94  19.22
    967    94.31  1.7148   0.969  0.0568   65.36  16.61   45.93  19.22
    967    94.39  1.7680   0.953  0.0567   65.39  16.57   45.97  19.20
    967    94.47  1.8284   0.944  0.0535   65.46  16.53   45.98  19.22
    967    94.56  1.8971   0.934  0.0461   65.56  16.48   45.96  19.23
    967    94.66  1.9727   0.933  0.0398   65.71  16.39   45.94  19.22
    967    94.78  2.0627   0.911  0.0445   65.82  16.34   45.93  19.25
    967    93.86  1.2323   0.759  0.0850   64.83  16.95   45.95  19.18
    967    93.86  1.2240   0.760  0.0846   64.83  16.95   46.01  19.15
    967    93.86  1.2213   0.763  0.0852   64.82  16.95   45.96  19.18
    969    94.06  1.2305   1.017  0.1238   64.83  16.92   46.12  19.13
    969    94.12  1.2410   1.000  0.0575   64.96  16.91   46.04  19.17
    969    94.20  1.2540   0.983  0.0520   64.92  16.89   46.12  19.14
    969    94.28  1.2690   0.993  0.0514   65.01  16.84   46.12  19.09
    969    94.35  1.2839   0.988  0.0555   65.06  16.80   46.14  19.10
    969    94.69  1.3742   0.961  0.0492   65.22  16.72   46.20  19.09
    969    95.02  1.4740   0.935  0.0496   65.40  16.62   46.28  19.08
    969    95.21  1.5333   0.919  0.0464   65.49  16.54   46.35  19.03
    969    95.39  1.5957   0.902  0.0466   65.60  16.47   46.40  19.00
    969    93.71  1.2339   0.931  0.0594   64.75  16.97   45.95  19.17
    969    93.77  1.2272   0.949  0.0555   64.84  16.98   45.92  19.21
    969    93.84  1.2215   0.951  0.0637   64.81  16.95   45.96  19.18
    971    93.94  1.2194   0.916  0.0941   64.84  16.96   46.01  19.19
    971    94.06  1.2180   0.911  0.0832   64.85  16.93   46.09  19.10
    971    94.18  1.2206   0.888  0.0721   64.90  16.90   46.13  19.12
    971    94.31  1.2274   0.881  0.0710   64.97  16.89   46.14  19.14
    971    94.45  1.2353   0.891  0.0830   65.04  16.85   46.16  19.10
    971    94.60  1.2447   0.877  0.0781   65.08  16.77   46.26  19.02
    971    94.75  1.2610   0.864  0.0742   65.15  16.76   46.28  19.03
    971    94.92  1.2790   0.851  0.0707   65.21  16.70   46.35  18.98
    971    95.10  1.3031   0.839  0.0679   65.28  16.69   46.41  19.00
    971    95.30  1.3298   0.817  0.0626   65.36  16.62   46.48  18.94
    971    93.78  1.2225   0.692  0.0287   64.77  16.97   46.00  19.16
   1188    93.11  1.2912   0.459  0.0042   64.66  17.05   45.71  19.28
   1188    92.97  1.3180   0.463  0.0234   64.69  17.07   45.57  19.36
   1188    92.84  1.3490   0.484  0.0217   64.69  17.09   45.49  19.39
   1188    92.09  1.6893   0.553  0.0304   64.69  17.04   45.13  19.54
   1188    91.93  1.8400   0.586  0.0360   64.63  16.99   45.11  19.57
   1188    91.86  1.9262   0.601  0.0380   64.68  16.98   45.03  19.62
   1188    91.75  2.0939   0.604  0.0346   64.84  16.90   44.90  19.68
   1188    91.66  2.3173   0.618  0.0336   64.97  16.81   44.80  19.74
   1188    91.62  2.4577   0.625  0.0331   65.03  16.74   44.74  19.74
   1188    91.69  2.6012   0.622  0.0385   64.62  16.52   43.51  19.41
   1188    91.76  2.8137   0.624  0.0377   64.32  16.48   42.57  19.19
   1188    92.02  3.0494   0.631  0.0373   63.31  16.36   41.24  19.35
   1188    92.25  3.3769   0.634  0.0338   62.89  16.28   40.33  19.23
   1188    92.62  3.8093   0.636  0.0286   62.51  16.16   39.36  19.21
   1189    93.30  1.2866   0.495  0.0134   64.74  16.98   45.74  19.24
   1189    92.85  1.4646   0.574  0.0191   64.74  16.99   45.52  19.35
   1189    92.55  1.9068   0.657  0.0278   64.91  16.86   45.24  19.55
   1189    92.52  2.0695   0.652  0.0239   65.08  16.76   45.16  19.57
   1189    92.53  2.2857   0.664  0.0228   65.22  16.65   45.11  19.60
   1189    92.55  2.4234   0.669  0.0220   65.32  16.58   45.04  19.62
   1189    92.67  2.5612   0.658  0.0228   64.97  16.36   43.87  19.29
   1189    92.81  2.7640   0.660  0.0220   64.69  16.31   42.99  19.04
   1189    93.13  2.9929   0.665  0.0233   63.80  16.19   41.66  19.20
   1189    93.41  3.3409   0.665  0.0222   63.65  16.21   40.57  19.16
   1189    93.81  3.8083   0.667  0.0242   63.61  16.19   39.37  19.21
   1191    93.67  1.2794   0.580  0.0153   64.86  16.92   45.88  19.17
   1191    93.66  1.3036   0.571  0.0176   64.75  16.95   45.94  19.18
   1191    93.65  1.3315   0.601  0.0165   64.75  16.96   45.95  19.21
   1191    93.64  1.3634   0.608  0.0244   64.91  16.91   45.65  19.02
   1191    93.62  1.4020   0.632  0.0240   65.11  16.88   45.31  18.86
   1191    93.65  1.4463   0.658  0.0279   64.98  16.84   45.80  19.22
   1191    93.57  1.4731   0.651  0.0259   66.34  16.11   43.64  18.18
   1191    93.52  1.4876   0.660  0.0289   67.41  15.15   42.51  17.75
   1191    93.40  1.4518   0.664  0.0287   69.26  13.52   40.39  17.12
   1191    93.34  1.4577   0.679  0.0294   70.45  12.53   39.06  16.92
   1191    93.93  1.8661   0.714  0.0293   65.32  16.61   45.76  19.31
   1191    94.07  2.0200   0.704  0.0256   65.53  16.48   45.73  19.31
   1191    94.27  2.2255   0.706  0.0250   65.75  16.34   45.72  19.34
   1191    94.40  2.3547   0.709  0.0237   65.89  16.25   45.70  19.35
   1191    94.63  2.4792   0.680  0.0228   65.64  16.02   44.67  18.98
   1191    94.92  2.6670   0.679  0.0225   65.45  15.96   43.85  18.73
   1191    95.38  2.8764   0.677  0.0232   64.73  15.84   42.61  18.82
   1191    95.85  3.1982   0.680  0.0241   64.69  15.82   41.61  18.73
   1191    96.45  3.6388   0.684  0.0249   64.82  15.80   40.44  18.79
   1193    93.93  1.2375   0.629  0.0036   64.81  16.96   46.04  19.19
   1193    93.97  1.2495   0.674  0.0287   64.85  16.93   46.01  19.18
   1193    94.01  1.2627   0.711  0.0170   64.94  16.88   46.03  19.14
   1193    94.07  1.2833   0.695  0.0290   64.90  16.88   46.05  19.14
   1193    94.14  1.3083   0.711  0.0350   64.93  16.89   46.07  19.19
   1193    94.61  1.5042   0.780  0.0344   65.28  16.68   46.13  19.14
   1193    94.76  1.5693   0.793  0.0330   65.37  16.60   46.18  19.09
   1193    94.94  1.6522   0.797  0.0368   65.51  16.54   46.17  19.13
   1193    95.15  1.7511   0.807  0.0377   65.64  16.44   46.23  19.10
   1193    95.42  1.8764   0.810  0.0382   65.82  16.32   46.28  19.09
   1193    95.74  2.0372   0.788  0.0372   66.10  16.16   46.31  19.07
   1193    95.94  2.1369   0.791  0.0368   66.25  16.07   46.35  19.06
   1193    96.18  2.2534   0.791  0.0392   66.41  15.96   46.38  19.04
   1193    96.50  2.3618   0.761  0.0405   66.32  15.73   45.64  18.74
   1193    96.90  2.5214   0.760  0.0439   66.21  15.63   44.96  18.47
   1193    97.49  2.6966   0.757  0.0459   65.65  15.48   43.82  18.44
   1193    98.10  2.9700   0.758  0.0495   65.66  15.45   42.97  18.29
   1193    98.88  3.3385   0.761  0.0533   65.83  15.39   41.97  18.24
   1193    99.12  3.4583   0.763  0.0550   65.91  15.37   41.70  18.25
   1201    93.69  1.2211   0.693  0.0126   64.82  16.98   45.89  19.22
   1201    94.61  1.2251   0.702  0.0178   65.03  16.83   46.24  19.07
   1201    94.93  1.2313   0.693  0.0170   65.11  16.76   46.42  19.02
   1201    95.26  1.2399   0.695  0.0174   65.34  16.67   46.47  18.94
   1201    95.61  1.2542   0.695  0.0190   65.52  16.59   46.33  18.68
   1201    95.98  1.2713   0.694  0.0229   65.77  16.50   46.25  18.50
   1201    98.02  1.4054   0.649  0.0355   66.32  16.04   47.45  18.50
   1201    98.29  1.4295   0.648  0.0389   66.42  15.99   47.55  18.46
   1201    98.58  1.4553   0.649  0.0410   66.52  15.93   47.66  18.41
   1201    98.89  1.4834   0.647  0.0422   66.65  15.84   47.76  18.37
   1201    99.21  1.5152   0.642  0.0446   66.79  15.77   47.86  18.33
   1201    99.55  1.5495   0.640  0.0458   66.91  15.68   48.01  18.27
   1201   100.31  1.6313   0.632  0.0508   67.23  15.49   48.26  18.16
   1201   100.74  1.6799   0.627  0.0517   67.41  15.39   48.40  18.10
   1201   101.20  1.7334   0.625  0.0542   67.59  15.26   48.58  18.00
   1201   101.69  1.7943   0.628  0.0534   67.86  15.11   48.72  17.93
   1201   102.25  1.8642   0.623  0.0559   68.10  14.96   48.91  17.85
   1201   102.86  1.9450   0.623  0.0586   68.35  14.81   49.15  17.75
   1201   103.55  2.0378   0.619  0.0638   68.64  14.61   49.40  17.62
   1201   104.40  2.1047   0.627  0.0693   68.77  14.33   49.01  17.19
   1201   105.39  2.2092   0.639  0.0716   68.86  14.15   48.63  16.79
   1204   101.67  1.5465   0.908  0.0819   67.56  15.28   48.87  17.87
   1204   102.70  1.6293   0.942  0.0847   67.96  15.03   49.27  17.69
   1204   103.27  1.6415   0.961  0.0866   68.39  14.43   48.92  17.24
   1204   103.90  1.7340   0.997  0.1032   68.51  14.71   49.68  17.48
   1204   104.59  1.7974   1.015  0.1094   68.79  14.53   49.94  17.36
   1204   105.35  1.8705   1.044  0.1189   69.09  14.35   50.25  17.23
   1204    83.19  3.7253   0.660  0.0560   51.74  13.86   46.03  18.05
   1204    79.86  4.3943   0.609  0.0281   63.48  14.48   41.66  19.46
   1204    80.04  4.3664   0.601  0.0277   63.42  15.09   40.59  19.86
   1204    80.23  4.3275   0.596  0.0271   63.33  15.66   39.69  20.16
   1207   106.86  1.7349   0.983  0.0820   69.44  14.11   50.99  16.87
   1207   107.78  1.8018   1.030  0.0910   69.78  13.90   51.38  16.70
   1207   108.80  1.8781   1.078  0.0977   70.17  13.65   51.80  16.49
   1207   110.01  1.9172   1.121  0.0952   70.45  13.32   51.77  16.00
   1207   115.18  2.1306   1.260  0.0598   71.32  12.47   51.71  14.59
   1207   116.29  2.1800   1.287  0.0675   71.57  12.30   51.83  14.40
   1207    75.15  4.4750   0.646  0.0634   62.98  14.17   39.99  19.54
   1207    75.46  4.4503   0.634  0.0627   62.91  14.77   38.98  19.82
   1207    75.78  4.4186   0.624  0.0619   62.78  15.35   38.19  19.98
   1207    92.43  1.2467   0.544  0.0174   64.34  17.22   45.48  19.41
   1207    92.94  1.2358   0.554  0.0180   64.52  17.14   45.64  19.34
   1513    98.42  1.5422   0.520  0.0471   66.51  15.88   47.22  18.35
   1513    98.80  1.5602   0.515  0.0362   66.59  15.80   47.27  18.24
   1513    99.19  1.5806   0.517  0.0350   66.69  15.71   47.28  18.15
   1513    99.60  1.6024   0.522  0.0345   66.78  15.63   47.33  18.04
   1513   100.03  1.6260   0.524  0.0363   66.89  15.54   47.38  17.93
   1513   100.48  1.6516   0.528  0.0362   67.00  15.45   47.42  17.84
   1513   100.95  1.6798   0.534  0.0387   67.13  15.36   47.46  17.75
   1513   101.46  1.7100   0.538  0.0391   67.26  15.26   47.53  17.63
   1513   101.99  1.7435   0.545  0.0398   67.40  15.16   47.60  17.55
   1513   102.55  1.7800   0.556  0.0400   67.57  15.05   47.69  17.46
   1521    92.89  1.3749   0.704  0.0531   66.44  15.07   44.34  18.72
   1521    93.01  1.3649   0.699  0.0449   66.83  14.67   44.16  18.60
   1521    93.13  1.3567   0.699  0.0465   67.32  14.28   43.89  18.55
   1521    93.24  1.3446   0.703  0.0478   67.81  13.85   43.65  18.39
   1521    93.62  1.5348   0.683  0.0491   65.10  16.80   45.69  19.29
   1521    93.79  1.5530   0.699  0.0441   65.13  16.77   45.79  19.24
   1521    93.96  1.5742   0.702  0.0411   65.22  16.73   45.81  19.25
   1521    94.13  1.5960   0.703  0.0393   65.33  16.68   45.84  19.23
   1521    94.32  1.6176   0.706  0.0383   65.38  16.62   45.93  19.17
   1521    94.52  1.6423   0.711  0.0370   65.46  16.58   46.00  19.15
   1521    94.72  1.6684   0.714  0.0352   65.56  16.52   46.05  19.12
   1521    94.93  1.6981   0.715  0.0338   65.68  16.48   46.07  19.15
   1521    95.15  1.7276   0.718  0.0334   65.75  16.42   46.17  19.10
   1521    95.39  1.7607   0.723  0.0317   65.88  16.35   46.21  19.09
   1521    95.64  1.7939   0.725  0.0309   65.96  16.28   46.30  19.01
   1521    95.90  1.8304   0.728  0.0299   66.05  16.21   46.30  18.93
   1521    96.18  1.8692   0.732  0.0290   66.15  16.11   46.27  18.86
   1521    96.49  1.9118   0.738  0.0276   66.22  16.04   46.28  18.76
   1521    96.81  1.9587   0.739  0.0270   66.31  15.95   46.25  18.67
   1748    90.18  1.3136   0.598  0.0720   63.71  17.57   44.73  19.68
   1748    90.28  1.3201   0.593  0.0643   63.77  17.56   44.70  19.71
   1748    90.38  1.3263   0.585  0.0575   63.82  17.53   44.75  19.69
   1748    90.49  1.3325   0.582  0.0555   63.81  17.52   44.83  19.65
   1748    90.59  1.3407   0.569  0.0506   63.89  17.50   44.83  19.65
   1748    90.70  1.3508   0.563  0.0477   63.96  17.48   44.83  19.67
   1748    90.82  1.3609   0.561  0.0464   64.02  17.45   44.82  19.65
   1748    90.93  1.3717   0.556  0.0430   64.07  17.41   44.87  19.65
   1748    91.05  1.3836   0.554  0.0422   64.11  17.38   44.90  19.63
   1748    91.18  1.3971   0.549  0.0401   64.18  17.34   44.93  19.62
   1748    91.31  1.4131   0.548  0.0393   64.22  17.34   44.98  19.61
   1748    91.45  1.4287   0.544  0.0379   64.26  17.29   45.05  19.58
   1748    91.59  1.4435   0.542  0.0367   64.28  17.22   45.14  19.53
   1748    91.73  1.4655   0.540  0.0358   64.42  17.19   45.09  19.53
   1748    91.88  1.4883   0.537  0.0347   64.48  17.19   45.12  19.56
   1748    92.05  1.5072   0.537  0.0341   64.48  17.10   45.25  19.47
   1748    92.21  1.5376   0.529  0.0298   64.67  17.09   45.19  19.51
   1748    92.39  1.5630   0.528  0.0292   64.68  17.02   45.30  19.47
   1748    92.58  1.5964   0.527  0.0279   64.82  16.99   45.31  19.47
   1748    92.78  1.6294   0.526  0.0281   64.92  16.92   45.33  19.43
   1748    92.99  1.6647   0.525  0.0274   64.99  16.83   45.45  19.41
   1748    93.22  1.7088   0.525  0.0270   65.12  16.80   45.46  19.41
   1748    93.46  1.7543   0.525  0.0271   65.24  16.72   45.54  19.38
   1748    93.73  1.8051   0.525  0.0269   65.37  16.63   45.62  19.32
   1748    94.01  1.8641   0.526  0.0265   65.55  16.55   45.63  19.32
   1748    94.34  1.9239   0.527  0.0260   65.60  16.44   45.63  19.17
   1748    94.71  1.9932   0.529  0.0262   65.66  16.32   45.51  19.06
   1748    95.12  2.0738   0.531  0.0260   65.74  16.19   45.34  18.98
   1753    90.68  1.5732   0.524  0.0233   63.98  17.38   44.81  19.70
   1753    90.73  1.6056   0.523  0.0223   64.03  17.36   44.81  19.71
   1753    90.78  1.6418   0.521  0.0221   64.06  17.35   44.81  19.71
   1753    90.83  1.6801   0.521  0.0216   64.11  17.31   44.82  19.71
   1753    90.88  1.7195   0.539  0.0323   64.31  17.23   44.74  19.70
   1753    90.94  1.7678   0.539  0.0300   64.40  17.19   44.70  19.71
   1753    91.02  1.8197   0.539  0.0287   64.43  17.16   44.76  19.70
   1753    91.10  1.8776   0.542  0.0275   64.51  17.10   44.76  19.69
   1753    91.31  2.0204   0.553  0.0239   64.69  17.01   44.74  19.73
   1753    91.44  2.1057   0.555  0.0234   64.81  16.94   44.75  19.73
   1753    91.58  2.2028   0.555  0.0228   64.93  16.86   44.76  19.72
   1753    91.75  2.3151   0.559  0.0229   65.07  16.77   44.79  19.71
   1753    91.96  2.4460   0.561  0.0232   65.20  16.65   44.78  19.68
   1753    92.26  2.6009   0.563  0.0235   65.10  16.53   44.14  19.34
   1753    92.64  2.7986   0.563  0.0233   64.89  16.45   43.22  18.99
   1753    92.96  2.9623   0.563  0.0234   64.76  16.42   42.54  18.81
   1753    93.32  3.1607   0.563  0.0226   64.69  16.41   41.75  18.71
   1753    93.73  3.3939   0.564  0.0209   64.75  16.36   40.77  18.48
   1753    94.02  3.5637   0.567  0.0213   66.05  15.25   38.43  17.24
   1753    94.05  3.5808   0.578  0.0264   68.82  13.01   34.54  14.85
   1758    89.19  1.6083   0.667  0.0484   63.51  17.65   44.34  19.88
   1758    89.11  1.6438   0.666  0.0375   63.50  17.64   44.33  19.87
   1758    89.01  1.6847   0.664  0.0341   63.50  17.65   44.27  19.91
   1758    88.93  1.7264   0.667  0.0334   63.48  17.63   44.27  19.90
   1758    88.82  1.7740   0.646  0.0357   63.68  17.60   44.09  19.96
   1758    88.72  1.8264   0.646  0.0351   63.71  17.57   44.01  19.96
   1758    88.63  1.8860   0.649  0.0346   63.71  17.57   43.98  19.98
   1758    88.53  1.9524   0.650  0.0340   63.74  17.56   43.92  20.00
   1758    87.83  1.7219   0.678  0.0304   69.13  13.69   37.76  21.01
   1758    88.34  2.1106   0.657  0.0303   63.75  17.52   43.86  20.03
   1758    88.24  2.2078   0.660  0.0283   63.80  17.49   43.79  20.06
   1758    88.15  2.3183   0.664  0.0269   63.85  17.45   43.73  20.08
   1758    88.05  2.4472   0.667  0.0266   63.92  17.40   43.66  20.10
   1758    87.97  2.5983   0.675  0.0281   63.96  17.34   43.56  20.08
   1758    87.93  2.7828   0.684  0.0285   63.71  17.25   42.82  19.72
   1758    87.94  3.0241   0.697  0.0280   63.36  17.24   41.72  19.36
   1758    87.98  3.3386   0.718  0.0310   63.01  17.29   40.45  19.13
   1758    88.06  3.7470   0.758  0.0378   62.81  17.33   38.85  18.85
   1901    89.93  1.3077   0.664  0.0659   63.53  17.65   44.71  19.72
   1901    91.01  1.3003   0.672  0.0681   63.93  17.47   44.98  19.62
   1901    92.13  1.2937   0.684  0.0705   64.26  17.27   45.39  19.45
   1901    93.28  1.2891   0.693  0.0730   64.63  17.04   45.81  19.25
   1901    94.48  1.2885   0.696  0.0782   65.00  16.80   46.24  19.06
   1901    95.73  1.2915   0.707  0.0803   65.45  16.56   46.64  18.89
   1901    97.05  1.2972   0.720  0.0833   65.86  16.32   47.17  18.67
   1901    98.44  1.3063   0.730  0.0860   66.34  16.04   47.67  18.43
   1901    99.72  1.1827   0.760  0.0825   69.95  12.95   45.15  16.61
   1901   101.23  1.1376   0.797  0.0634   71.69  11.71   44.52  15.94
   1901   105.25  1.3839   0.804  0.0824   68.60  14.65   50.45  17.11
   1901   107.43  1.4180   0.827  0.0827   69.32  14.17   51.40  16.65
   1901   109.92  1.4623   0.853  0.0842   70.13  13.66   52.52  16.14
   1901   112.84  1.5185   0.891  0.0911   71.11  13.03   53.86  15.51
   1901    52.86  4.3242   0.623  0.0469   53.86  19.62   35.81  14.50
   2065    85.65  1.9266   0.756  0.0376   62.76  18.09   43.18  20.18
   2065    84.69  2.0368   0.753  0.0300   62.49  18.20   42.91  20.22
   2065    83.66  2.1653   0.753  0.0285   62.13  18.29   42.52  20.21
   2065    82.84  2.2759   0.755  0.0266   61.79  18.34   42.16  20.17
   2068    89.06  1.6422   0.714  0.0474   63.66  17.61   44.19  19.90
   2068    88.37  1.7089   0.706  0.0329   63.49  17.69   43.97  19.97
   2068    87.64  1.7868   0.711  0.0288   63.31  17.80   43.74  20.05
   2068    86.86  1.8744   0.713  0.0265   63.11  17.89   43.48  20.10
   2068    86.04  1.9751   0.727  0.0248   62.79  17.97   43.08  20.07
   2068    85.17  2.0952   0.735  0.0248   62.36  18.05   42.51  19.98
   2068    84.22  2.2414   0.744  0.0225   61.88  18.16   41.86  19.92
   2069    89.30  1.6354   0.745  0.0370   63.70  17.57   44.31  19.85
   2069    88.64  1.7029   0.742  0.0317   63.58  17.65   44.04  19.94
   2069    87.94  1.7791   0.745  0.0313   63.39  17.75   43.84  20.03
   2069    87.20  1.8648   0.753  0.0299   63.15  17.82   43.48  20.01
   2069    86.43  1.9661   0.759  0.0273   62.78  17.91   42.97  19.93
   2069    85.59  2.0877   0.767  0.0275   62.38  18.02   42.35  19.87
   2069    99.72  1.1197   0.890  0.0301   66.62  15.89   48.27  18.12
   2071    90.63  1.5421   0.728  0.0372   64.09  17.39   44.71  19.72
   2071    90.07  1.5956   0.719  0.0270   63.97  17.45   44.51  19.79
   2071    89.48  1.6553   0.724  0.0252   63.81  17.52   44.33  19.84
   2071    88.87  1.7242   0.735  0.0228   63.66  17.60   44.12  19.91
   2071    88.22  1.8036   0.739  0.0213   63.52  17.68   43.89  20.00
   2071    87.52  1.8944   0.748  0.0196   63.36  17.76   43.65  20.06
   2071    86.79  1.9973   0.755  0.0186   63.12  17.82   43.36  20.08
   2071    86.01  2.1184   0.756  0.0177   62.80  17.87   42.96  20.09
   2072    91.33  1.4901   0.707  0.0299   64.27  17.28   44.98  19.59
   2072    90.82  1.5378   0.713  0.0261   64.15  17.35   44.77  19.69
   2072    90.29  1.5896   0.710  0.0225   64.04  17.40   44.59  19.75
   2072    89.74  1.6488   0.713  0.0195   63.87  17.48   44.43  19.81
   2072    89.16  1.7168   0.716  0.0193   63.76  17.55   44.21  19.89
   2072    88.54  1.7953   0.717  0.0174   63.62  17.63   43.99  19.98
   2072    87.89  1.8831   0.717  0.0172   63.45  17.69   43.75  20.01
   2072    87.20  1.9847   0.711  0.0168   63.21  17.74   43.41  20.04
   2072    86.47  2.1038   0.711  0.0222   62.87  17.78   42.93  20.00
   2072    98.80  1.1341   0.755  0.0691   66.33  16.06   47.89  18.29
   2074    92.84  1.3786   0.768  0.0626   64.66  17.04   45.57  19.34
   2074    91.56  1.4937   0.751  0.0403   64.37  17.23   45.03  19.57
   2074    90.14  1.6515   0.740  0.0410   64.02  17.40   44.54  19.77
   2300    93.70  1.3666   0.825  0.0244   65.02  16.88   45.79  19.25
   2300    92.51  1.4777   0.813  0.0269   64.73  17.01   45.31  19.43
   2300    91.18  1.6378   0.795  0.0290   64.42  17.19   44.83  19.64
   2300    89.63  1.8747   0.769  0.0324   64.12  17.37   44.23  19.88
   2300    87.74  2.2468   0.735  0.0344   63.55  17.48   43.30  19.99
   2452    87.95  1.6462   0.428  0.0426   63.19  17.81   43.96  19.97
   2452    85.44  1.8811   0.424  0.0432   62.49  18.19   43.25  20.19
   2452    82.35  2.2400   0.415  0.0424   61.66  18.57   42.53  20.29
   2452    78.24  2.8606   0.409  0.0396   60.64  18.98   41.83  20.23
   2452    72.16  4.3356   0.396  0.0401   57.03  19.64   37.38  18.17
   2453    91.99  1.3763   0.421  0.0399   64.32  17.24   45.22  19.53
   2453    89.97  1.4974   0.408  0.0369   63.75  17.55   44.59  19.78
   2453    87.70  1.6643   0.398  0.0326   63.12  17.86   43.87  20.00
   2453    85.06  1.9078   0.392  0.0317   62.38  18.22   43.15  20.19
   2453    81.79  2.2863   0.384  0.0304   61.50  18.63   42.43  20.29
   2453    77.41  2.9489   0.378  0.0296   60.40  19.08   41.73  20.20
   2453    70.76  4.5406   0.371  0.0297   56.50  19.55   36.43  17.59
   2454    92.88  1.3312   0.544  0.0285   64.62  17.05   45.60  19.29
   2454    90.17  1.4832   0.533  0.0218   63.78  17.49   44.71  19.72
   2454    87.85  1.6499   0.525  0.0187   63.16  17.85   43.91  20.00
   2454    85.16  1.8882   0.522  0.0175   62.40  18.24   43.19  20.21
   2454    81.86  2.2545   0.519  0.0156   61.50  18.64   42.45  20.29
   2454    77.45  2.8898   0.509  0.0162   60.38  19.10   41.73  20.20
   2454    70.88  4.3998   0.499  0.0135   56.47  19.77   37.31  18.08
   2456    98.14  1.1509   0.650  0.1422   66.17  16.17   47.59  18.44
   2456    92.40  1.3600   0.547  0.1084   64.40  17.15   45.43  19.42
   2456    87.76  1.6520   0.541  0.1114   63.13  17.87   43.90  20.02
   2456    81.41  2.2689   0.515  0.0993   61.35  18.72   42.36  20.29
   2456    76.72  2.9171   0.507  0.0953   60.13  19.21   41.66  20.18
   2456    69.67  4.4596   0.503  0.0862   55.93  19.88   37.26  17.99
   2460    97.71  1.1683   0.692  0.0374   66.03  16.22   47.45  18.48
   2460    93.48  1.3215   0.628  0.0395   64.84  16.98   45.75  19.29
   2460    90.33  1.4816   0.607  0.0428   63.86  17.49   44.70  19.74
   2460    87.64  1.6550   0.584  0.0431   63.08  17.90   43.86  20.02
   2460    84.50  1.9046   0.562  0.0423   62.18  18.34   43.04  20.22
   2460    80.62  2.2919   0.538  0.0426   61.10  18.83   42.22  20.28
   2460    75.41  2.9651   0.515  0.0445   59.69  19.39   41.53  20.11
   2460    67.56  4.5225   0.506  0.0613   54.73  19.94   37.22  17.84
   2630   100.90  1.1412   0.687  0.0612   77.47   7.59   38.63  17.49
   2630   104.83  1.9333   0.642  0.0383   70.49  12.69   48.32  16.35
   2630   107.57  1.7284   0.688  0.0417   74.85   9.28   43.85  12.58
   2630   110.33  1.4710   0.729  0.0385   79.05   6.45   39.65   9.05
   2638    93.16  1.6449   0.753  0.0366   64.96  16.84   45.57  19.34
   2638    94.24  1.7298   0.710  0.0293   64.39  16.89   43.88  18.95
   2638    95.38  1.8229   0.706  0.0282   64.68  16.72   43.98  18.88
   2638    96.71  1.9409   0.707  0.0261   65.11  16.51   44.14  18.85
   2638    98.32  2.0904   0.709  0.0237   65.72  16.20   44.50  18.78
   2638    99.99  2.1076   0.747  0.0257   68.97  13.63   46.25  17.35
   2638   101.75  1.9833   0.763  0.0243   72.83  10.53   41.36  13.87
   2777    99.16  1.7273   0.732  0.0593   66.98  15.66   47.73  18.41
   2777   102.43  1.9485   0.753  0.0574   67.58  15.02   47.65  17.53
   2777   107.63  2.3879   0.874  0.0579   69.81  13.70   47.98  17.09
   2778    91.50  1.3395   0.607  0.0466   64.12  17.31   45.18  19.51
   2778    92.71  1.3754   0.594  0.0442   64.66  17.07   45.43  19.40
   2778    93.63  1.4068   0.619  0.0481   64.93  16.90   45.80  19.27
   2778    95.17  1.4734   0.624  0.0478   65.53  16.55   46.28  19.05
   2778    97.04  1.5713   0.627  0.0501   66.16  16.14   46.98  18.73
   2778    99.43  1.7201   0.581  0.0398   67.06  15.61   47.84  18.34
   2778   102.87  1.9327   0.614  0.0437   67.78  14.92   47.96  17.45
   2778   108.43  2.3803   0.755  0.0539   69.68  13.79   48.64  16.97
   2778   112.63  2.6316   0.892  0.0627   72.85  11.68   51.67  15.89
   2779    91.29  1.3468   0.649  0.0426   64.13  17.38   45.02  19.58
   2779    92.59  1.3757   0.634  0.0355   64.57  17.08   45.44  19.40
   2779    94.07  1.4274   0.634  0.0293   65.11  16.81   45.92  19.21
   2779    95.80  1.5011   0.643  0.0271   65.73  16.43   46.53  18.95
   2779    97.93  1.6100   0.670  0.0319   66.49  15.95   47.31  18.59
   2779   100.72  1.7769   0.695  0.0312   67.54  15.31   48.32  18.12
   2779   104.93  2.0277   0.740  0.0360   68.26  14.61   48.18  17.15
   2779   110.40  2.4496   0.841  0.0510   70.34  13.40   49.80  16.65
   2780    91.09  1.3483   0.676  0.0529   64.02  17.39   45.02  19.57
   2780    92.47  1.3768   0.674  0.0502   64.50  17.08   45.46  19.40
   2780    94.03  1.4280   0.689  0.0504   65.09  16.81   45.92  19.21
   2780    95.85  1.4996   0.703  0.0540   65.74  16.42   46.56  18.93
   2780    98.09  1.6062   0.741  0.0534   66.54  15.93   47.37  18.57
   2780   101.02  1.7682   0.772  0.0517   67.65  15.25   48.43  18.06
   2780   105.42  2.0046   0.823  0.0499   68.51  14.45   48.60  17.00
   2780   111.21  2.4259   0.941  0.0552   70.35  13.42   50.33  16.52
   2780   116.83  2.7642   1.137  0.0736   73.81  11.07   54.66  14.76
   2781    90.89  1.3544   0.680  0.0508   64.01  17.44   44.90  19.64
   2781    92.33  1.3845   0.671  0.0465   64.57  17.15   45.32  19.45
   2781    93.41  1.4116   0.712  0.0576   64.89  16.94   45.69  19.28
   2781    95.22  1.4719   0.720  0.0548   65.54  16.54   46.29  19.02
   2781    97.40  1.5626   0.726  0.0542   66.30  16.08   47.11  18.68
   2781   100.19  1.6996   0.743  0.0514   67.31  15.46   48.15  18.20
   2781   104.12  1.8914   0.778  0.0490   68.43  14.59   49.00  17.23
   2781   110.62  2.2932   0.898  0.0482   70.03  13.59   50.04  16.49
   2781    67.64  3.6972   0.900  0.0139   65.66  13.19   45.25  16.74
   2781    68.09  3.6108   0.897  0.0330   65.41  13.55   43.99  17.26
   2781    68.68  3.5058   0.863  0.0542   65.04  14.03   42.46  17.92
   2781    69.46  3.3747   0.820  0.0469   64.46  14.69   40.61  18.72
   2781    70.56  3.1998   0.776  0.0419   63.53  15.65   38.45  19.67
   2782    86.39  1.3618   0.600  0.0523   62.64  18.21   43.52  20.09
   2782    87.60  1.3466   0.611  0.0506   63.01  18.02   43.85  20.00
   2782    88.86  1.3426   0.617  0.0495   63.42  17.79   44.23  19.87
   2782    90.21  1.3507   0.624  0.0450   63.86  17.54   44.64  19.71
   2782    91.69  1.3731   0.633  0.0373   64.28  17.26   45.16  19.49
   2782    93.33  1.4132   0.655  0.0351   64.87  16.95   45.66  19.32
   2782    95.23  1.4712   0.661  0.0388   65.54  16.53   46.32  19.00
   2782    97.52  1.5596   0.677  0.0333   66.32  16.06   47.17  18.64
   2782   100.43  1.6930   0.704  0.0314   67.39  15.42   48.24  18.15
   2782   104.52  1.8808   0.751  0.0305   68.63  14.50   49.32  17.18
   2782   111.31  2.2578   0.887  0.0398   70.27  13.42   50.42  16.27
   2782   116.76  2.6192   1.059  0.0521   72.45  12.11   53.79  15.26
   2782    66.25  3.7945   0.935  0.0316   64.54  13.55   45.51  16.68
   2782    66.71  3.7047   0.915  0.0480   64.35  13.91   44.23  17.19
   2782    67.32  3.5962   0.873  0.0476   64.02  14.38   42.66  17.84
   2783    88.14  1.3500   0.650  0.0373   63.04  17.96   44.09  19.94
   2783    89.52  1.3527   0.664  0.0356   63.51  17.69   44.49  19.79
   2783    91.00  1.3687   0.672  0.0327   64.08  17.39   44.90  19.63
   2783    92.66  1.3994   0.680  0.0281   64.60  17.08   45.53  19.37
   2783    94.54  1.4498   0.690  0.0327   65.27  16.70   46.10  19.11
   2783    96.77  1.5247   0.682  0.0253   66.07  16.22   46.88  18.77
   2783    99.55  1.6370   0.721  0.0268   67.07  15.61   47.91  18.30
   2783   103.28  1.8112   0.757  0.0282   68.43  14.78   49.36  17.62
   2783   109.15  2.0605   0.842  0.0336   69.70  13.73   50.08  16.32
   2783   118.93  2.6265   1.116  0.0580   73.10  11.65   54.94  14.69
   2784    85.58  1.3763   0.597  0.0362   62.36  18.33   43.34  20.12
   2784    86.91  1.3592   0.621  0.0352   62.78  18.13   43.69  20.05
   2784    88.29  1.3531   0.638  0.0374   63.23  17.89   44.07  19.92
   2784    89.77  1.3593   0.655  0.0416   63.72  17.61   44.51  19.75
   2784    91.38  1.3807   0.668  0.0387   64.20  17.33   45.02  19.56
   2784    93.18  1.4150   0.685  0.0437   64.78  16.97   45.66  19.31
   2784    95.24  1.4707   0.711  0.0444   65.53  16.53   46.33  18.99
   2784    97.73  1.5546   0.735  0.0370   66.39  16.02   47.25  18.60
   2784   100.88  1.6801   0.771  0.0357   67.55  15.32   48.41  18.06
   2784   105.27  1.8704   0.843  0.0370   69.07  14.33   50.06  17.16
   2784   112.64  2.1721   0.997  0.0504   70.70  13.10   51.22  15.76
   2784   121.44  2.6289   1.295  0.0702   73.88  11.08   56.36  13.97
   2785    85.18  1.3844   0.589  0.0599   62.24  18.41   43.24  20.15
   2785    86.57  1.3657   0.602  0.0599   62.67  18.19   43.59  20.07
   2785    88.01  1.3591   0.607  0.0599   63.15  17.94   43.98  19.95
   2785    89.55  1.3648   0.609  0.0647   63.67  17.66   44.40  19.81
   2785    91.23  1.3818   0.601  0.0608   64.11  17.33   45.02  19.55
   2785    93.10  1.4164   0.611  0.0580   64.76  16.98   45.64  19.30
   2785    95.25  1.4705   0.614  0.0521   65.54  16.53   46.33  18.99
   2785    97.83  1.5527   0.626  0.0448   66.42  16.01   47.28  18.59
   2785   101.11  1.6743   0.652  0.0395   67.62  15.28   48.51  18.01
   2785   105.65  1.8662   0.706  0.0337   69.23  14.27   50.34  17.15
   2785   113.30  2.1214   0.841  0.0283   70.90  12.92   51.55  15.50
   2785    62.28  3.9460   0.739  0.0165   60.79  14.27   46.43  16.65
   2785    62.69  3.9055   0.730  0.0252   61.00  14.76   45.12  17.06
   2785    63.30  3.8250   0.706  0.0295   61.03  15.32   43.52  17.62
   2785    64.15  3.6856   0.694  0.0260   60.76  15.93   41.65  18.36
   2785    65.19  3.5255   0.665  0.0372   60.33  16.68   39.70  19.13
   2786    86.74  1.3701   0.606  0.0466   62.58  18.20   43.71  20.06
   2786    88.27  1.3656   0.611  0.0469   63.10  17.91   44.11  19.93
   2786    89.90  1.3725   0.618  0.0453   63.66  17.61   44.63  19.74
   2786    91.70  1.3940   0.612  0.0403   64.28  17.24   45.19  19.50
   2786    93.72  1.4341   0.617  0.0406   65.01  16.85   45.80  19.26
   2786    96.08  1.4937   0.631  0.0431   65.81  16.37   46.66  18.87
   2786    98.96  1.5842   0.672  0.0390   66.82  15.76   47.72  18.39
   2786   102.70  1.7215   0.710  0.0373   68.17  14.93   49.15  17.72
   2786   108.16  1.9118   0.780  0.0312   69.85  13.74   50.93  16.44
   2786   113.86  2.0690   0.891  0.0290   71.04  12.78   51.85  15.28
   2786   121.91  2.3566   1.146  0.0380   73.54  11.16   55.69  13.81
   2787    87.46  1.3705   0.640  0.1267   62.83  18.05   43.91  20.00
   2787    90.91  1.3890   0.659  0.1241   64.03  17.41   44.89  19.62
   2787    95.24  1.4710   0.686  0.1159   65.54  16.54   46.32  19.01
   2787   101.49  1.6622   0.710  0.0958   67.74  15.20   48.67  17.94
   2787   114.43  2.0209   0.893  0.0606   71.18  12.64   52.14  15.07
   2787   129.47  2.5745   1.498  0.0541   76.23   9.35   61.04  11.71
   2787    59.80  3.9577   0.635  0.0441   57.92  14.52   46.55  16.93
   2787    60.79  3.9017   0.608  0.0439   58.66  15.78   43.68  17.80
   2787    62.53  3.6829   0.600  0.0463   58.56  17.20   40.14  19.03
   2790    87.62  0.9042   0.815  0.0870   50.23  13.85   51.27  16.40
   2790    89.39  0.9380   0.826  0.0477   51.95  13.93   51.07  16.49
   2790    90.45  1.3995   0.807  0.0423   63.89  17.47   44.75  19.67
   2790    92.66  1.4276   0.813  0.0398   64.62  17.07   45.52  19.37
   2790    95.19  1.4738   0.839  0.0432   65.53  16.55   46.29  19.04
   2790    98.24  1.5437   0.849  0.0324   66.54  15.93   47.46  18.52
   2790   102.08  1.6492   0.890  0.0310   67.93  15.09   48.90  17.82
   2790   107.44  1.8029   0.956  0.0346   69.68  13.92   50.99  16.69
   2790   116.37  1.8928   1.116  0.0603   71.71  12.17   53.24  14.41
   2790   131.40  2.0870   1.691  0.0587   76.02   9.32   60.58  11.37
   2790    56.00  3.9228   0.728  0.0060   54.24  14.50   47.09  17.05
   2790    56.72  3.9173   0.735  0.0188   55.18  15.51   45.09  17.65
   2790    58.35  3.8379   0.754  0.0177   56.21  17.23   41.67  18.68
   2792    90.52  1.4096   0.719  0.0774   63.92  17.47   44.76  19.69
   2792    92.91  1.4361   0.707  0.0374   64.69  17.01   45.59  19.35
   2792    95.66  1.4824   0.725  0.0305   65.65  16.46   46.52  18.94
   2792    98.98  1.5541   0.771  0.0481   66.79  15.78   47.73  18.38
   2792   103.23  1.6623   0.831  0.0339   68.29  14.87   49.41  17.60
   2792   109.30  1.7977   0.935  0.0355   70.10  13.55   51.48  16.18
   2792   138.68  2.0517   1.721  0.0474   78.15   7.84   65.23   9.49
   2792    53.48  3.9136   0.693  0.0170   52.15  14.54   47.02  17.20
   2792    54.26  3.9176   0.700  0.0236   53.19  15.57   45.06  17.83
   2792    56.00  3.8639   0.699  0.0213   54.49  17.39   41.72  18.81
   2793    85.66  0.8886   0.566  0.0693   48.58  13.78   51.31  16.34
   2793    86.57  0.8992   0.567  0.0630   49.39  13.81   51.26  16.37
   2793    87.51  0.9140   0.572  0.0598   50.23  13.89   51.21  16.44
   2793    88.47  0.9303   0.580  0.0582   51.19  13.88   51.08  16.45
   2793    89.47  0.9521   0.585  0.0494   52.16  13.93   50.97  16.52
   2793    90.51  0.9779   0.589  0.0456   53.22  13.99   50.84  16.59
   2793    90.77  1.4145   0.600  0.0656   64.00  17.40   44.84  19.64
   2793    91.98  1.4291   0.593  0.0479   64.43  17.20   45.16  19.53
   2793    93.27  1.4451   0.622  0.0541   64.85  16.95   45.65  19.33
   2793    94.66  1.4657   0.608  0.0388   65.30  16.67   46.16  19.10
   2793    96.17  1.4933   0.644  0.0456   65.85  16.36   46.66  18.88
   2793    97.84  1.5257   0.641  0.0437   66.39  16.02   47.31  18.57
   2793    99.70  1.5674   0.664  0.0439   67.04  15.64   48.01  18.25
   2793   101.82  1.6185   0.682  0.0354   67.76  15.20   48.85  17.88
   2793   104.29  1.6735   0.723  0.0435   68.60  14.63   49.74  17.32
   2793   107.28  1.7337   0.770  0.0405   69.43  14.01   50.66  16.59
   2793   110.99  1.8106   0.833  0.0364   70.50  13.26   51.94  15.79
   2793   115.93  1.8492   0.936  0.0368   71.76  12.24   53.64  14.58
   2793   132.60  1.7326   1.591  0.0556   75.98   9.23   60.75  11.02
   2793   141.40  1.9816   1.638  0.1379   78.87   7.33   66.85   8.80
   2793    51.97  3.8984   0.659  0.0230   50.92  14.19   47.69  17.01
   2793    52.76  3.9131   0.663  0.0218   52.12  15.26   45.71  17.67
   2793    54.60  3.8780   0.629  0.0189   53.69  17.17   42.22  18.71
   2794    87.61  0.9189   0.718  0.0504   50.39  13.87   51.16  16.45
   2794    88.61  0.9381   0.722  0.0485   51.35  13.92   51.04  16.48
   2794    89.65  0.9607   0.730  0.0472   52.38  13.96   50.93  16.55
   2794    89.86  1.4123   0.726  0.0403   63.70  17.60   44.57  19.76
   2794    91.05  1.4224   0.742  0.0483   64.12  17.37   44.91  19.65
   2794    92.31  1.4369   0.737  0.0444   64.59  17.13   45.31  19.47
   2794    93.66  1.4528   0.758  0.0498   65.00  16.86   45.77  19.28
   2794    95.13  1.4750   0.750  0.0444   65.49  16.57   46.28  19.04
   2794    96.72  1.5027   0.786  0.0404   66.02  16.25   46.89  18.77
   2794    98.49  1.5372   0.788  0.0473   66.62  15.88   47.57  18.47
   2794   100.48  1.5800   0.804  0.0358   67.30  15.47   48.33  18.11
   2794   102.75  1.6312   0.843  0.0347   68.11  14.98   49.17  17.66
   2794   105.45  1.6816   0.882  0.0315   68.87  14.40   49.98  16.99
   2794   108.72  1.7453   0.935  0.0339   69.77  13.75   51.02  16.24
   2794   112.86  1.8246   1.004  0.0400   70.97  12.91   52.55  15.36
   2794   119.68  1.8142   1.149  0.0489   72.62  11.57   54.91  13.67
   2794   133.49  1.6470   1.649  0.0395   76.19   9.07   61.24  10.77
   2794    51.32  3.9129   0.727  0.0229   51.21  15.04   46.09  17.58
   2794    53.51  3.8819   0.693  0.0184   53.15  17.26   42.12  18.77
   2795    84.19  0.8824   0.644  0.0781   47.33  13.81   51.39  16.35
   2795    85.12  0.8883   0.657  0.0753   48.16  13.78   51.33  16.34
   2795    86.08  0.8988   0.670  0.0723   49.00  13.81   51.25  16.35
   2795    87.06  0.9134   0.684  0.0698   49.87  13.88   51.20  16.42
   2795    88.08  0.9300   0.699  0.0674   50.86  13.88   51.09  16.46
   2795    89.12  0.9515   0.713  0.0662   51.88  13.92   50.97  16.51
   2795    90.22  0.9779   0.731  0.0586   52.97  14.00   50.86  16.60
   2795    90.52  1.4204   0.751  0.0625   63.93  17.46   44.76  19.67
   2795    91.78  1.4324   0.749  0.0482   64.33  17.24   45.20  19.52
   2795    93.14  1.4462   0.781  0.0576   64.79  16.95   45.65  19.32
   2795    94.59  1.4669   0.785  0.0403   65.29  16.67   46.13  19.09
   2795    96.17  1.4931   0.822  0.0427   65.85  16.36   46.67  18.88
   2795    97.92  1.5239   0.820  0.0477   66.42  16.00   47.35  18.56
   2795    99.86  1.5629   0.850  0.0379   67.09  15.60   48.08  18.22
   2795   102.08  1.6108   0.880  0.0431   67.84  15.13   48.96  17.81
   2795   104.68  1.6556   0.918  0.0461   68.61  14.58   49.69  17.14
   2795   107.81  1.7120   0.968  0.0459   69.46  13.95   50.64  16.42
   2795   111.71  1.7847   1.041  0.0357   70.58  13.18   52.04  15.60
   2795   116.85  1.8338   1.157  0.0427   71.99  12.11   54.03  14.43
   2795   134.34  1.5785   1.661  0.0391   76.40   8.92   61.74  10.53
   2795   143.74  1.7242   1.727  0.0132   79.32   6.97   67.95   8.25
   2795    49.29  3.8985   0.696  0.0575   49.22  14.09   47.72  17.07
   2795    50.16  3.9217   0.733  0.0279   50.52  15.16   45.75  17.74
   2795    52.51  3.8903   0.720  0.0228   52.50  17.43   41.82  18.92
   2796    86.85  0.9131   0.712  0.0825   49.70  13.88   51.20  16.42
   2796    87.88  0.9298   0.722  0.0783   50.70  13.88   51.10  16.46
   2796    88.96  0.9513   0.732  0.0702   51.74  13.92   50.97  16.51
   2796    90.08  0.9779   0.744  0.0646   52.84  14.00   50.86  16.60
   2796    90.39  1.4223   0.770  0.0629   63.88  17.47   44.74  19.69
   2796    91.69  1.4323   0.751  0.0544   64.27  17.23   45.20  19.52
   2796    93.07  1.4483   0.784  0.0553   64.78  16.97   45.62  19.32
   2796    94.55  1.4681   0.781  0.0442   65.29  16.68   46.10  19.11
   2796    96.17  1.4928   0.816  0.0421   65.85  16.36   46.67  18.88
   2796    97.95  1.5231   0.818  0.0472   66.43  16.00   47.35  18.55
   2796    99.94  1.5610   0.845  0.0346   67.10  15.59   48.12  18.20
   2796   102.20  1.6080   0.870  0.0381   67.88  15.11   49.01  17.79
   2796   104.87  1.6476   0.923  0.0425   68.61  14.55   49.63  17.07
   2796   108.07  1.7030   0.973  0.0414   69.47  13.93   50.61  16.34
   2796   112.04  1.7743   1.037  0.0458   70.63  13.15   52.05  15.53
   2796   117.29  1.8310   1.153  0.0532   72.10  12.09   54.19  14.37
   2796   120.69  1.8062   1.249  0.0626   72.93  11.40   55.52  13.53
   2796   134.90  1.5229   1.635  0.0435   76.57   8.81   62.07  10.33
   2796   139.74  1.4871   1.657  0.0372   77.96   7.86   65.05   9.25
   2796    48.29  3.9171   0.719  0.0288   49.32  14.50   46.89  17.37
   2796    49.26  3.9326   0.735  0.0098   50.50  15.54   45.01  17.99
   2796    51.33  3.9020   0.726  0.0140   52.10  17.40   41.84  18.91
   2797    86.99  0.9181   0.701  0.0772   49.86  13.87   51.17  16.43
   2797    88.05  0.9371   0.709  0.0805   50.87  13.92   51.06  16.48
   2797    89.17  0.9595   0.718  0.0789   51.96  13.95   50.94  16.54
   2797    90.32  0.9876   0.726  0.0776   53.12  14.02   50.82  16.63
   2797    90.70  1.4297   0.729  0.0813   64.01  17.44   44.79  19.69
   2797    92.04  1.4426   0.721  0.0777   64.48  17.20   45.22  19.51
   2797    93.49  1.4538   0.743  0.0760   64.90  16.86   45.68  19.21
   2797    95.06  1.4720   0.752  0.0739   65.29  16.58   45.94  18.87
   2797    96.74  1.5022   0.764  0.0686   66.04  16.25   46.88  18.78
   2797    98.68  1.5229   0.781  0.0732   66.24  15.90   46.79  18.13
   2797   100.82  1.5580   0.804  0.0749   66.83  15.50   47.34  17.71
   2797   103.18  1.6095   0.847  0.0564   68.07  14.90   49.06  17.43
   2797   106.07  1.6568   0.885  0.0488   68.85  14.35   49.86  16.75
   2797   109.56  1.7164   0.943  0.0426   69.84  13.67   50.98  16.02
   2797   113.97  1.7941   1.021  0.0431   71.14  12.82   52.75  15.15
   2797   119.94  1.8237   1.153  0.0523   72.78  11.59   55.27  13.78
   2797   135.93  1.4769   1.615  0.0405   76.88   8.62   62.71  10.04
   2797   143.49  1.4166   1.670  0.0248   79.04   7.13   67.45   8.33
   2797    46.97  3.9226   0.674  0.0202   48.92  14.47   46.89  17.36
   2797    47.99  3.9398   0.655  0.0210   50.14  15.50   45.02  17.98
   2797    50.17  3.9118   0.655  0.0180   51.77  17.35   41.88  18.89
   2798    90.36  1.4305   0.820  0.0494   63.89  17.50   44.68  19.73
   2798    91.72  1.4395   0.819  0.0402   64.32  17.23   45.17  19.51
   2798    93.18  1.4547   0.799  0.0376   64.82  16.95   45.47  19.30
   2798    94.74  1.4743   0.808  0.0362   65.38  16.65   46.13  19.13
   2798    96.47  1.4911   0.840  0.0392   65.70  16.30   46.32  18.57
   2798    98.38  1.5165   0.833  0.0395   66.17  15.94   46.71  18.18
   2798   100.51  1.5501   0.857  0.0433   66.74  15.57   47.28  17.78
   2798   102.95  1.5907   0.886  0.0431   67.43  15.12   47.96  17.34
   2798   105.73  1.6412   0.956  0.0372   68.67  14.44   49.60  16.81
   2798   109.17  1.6987   1.007  0.0374   69.64  13.80   50.71  16.11
   2798   113.47  1.7727   1.086  0.0404   70.93  12.97   52.41  15.27
   2798   119.20  1.8360   1.211  0.0552   72.61  11.80   54.95  14.01
   2798   121.62  1.8231   1.275  0.0634   73.26  11.29   56.01  13.42
   2798   136.66  1.4578   1.634  0.0437   77.14   8.47   63.20   9.82
   2798   144.78  1.3237   1.694  0.0135   79.39   6.89   68.23   7.97
   2798    45.95  3.9402   0.692  0.0247   49.16  14.76   46.32  17.54
   2798    46.72  3.9500   0.744  0.0294   49.99  15.46   45.05  17.96
   2798    48.87  3.9269   0.744  0.0319   51.57  17.20   42.11  18.81
   2802    86.22  0.9189   0.639  0.0935   49.26  13.85   51.17  16.43
   2802    87.40  0.9386   0.644  0.0919   50.36  13.91   51.07  16.49
   2802    88.61  0.9616   0.649  0.0899   51.55  13.93   50.94  16.54
   2802    89.89  0.9907   0.653  0.0869   52.80  14.00   50.80  16.62
   2802    90.37  1.4427   0.626  0.0550   63.90  17.49   44.69  19.74
   2802    91.85  1.4529   0.620  0.0575   64.42  17.21   45.13  19.55
   2802    93.44  1.4631   0.640  0.0446   64.86  16.88   45.64  19.20
   2802    95.17  1.4801   0.634  0.0454   65.33  16.57   45.92  18.87
   2802    97.03  1.5070   0.672  0.0382   66.14  16.19   46.98  18.72
   2802    99.17  1.5235   0.662  0.0290   66.38  15.80   46.94  18.03
   2802   101.54  1.5559   0.698  0.0258   67.05  15.37   47.59  17.60
   2802   104.27  1.5945   0.732  0.0211   67.82  14.88   48.47  17.10
   2802   107.45  1.6409   0.789  0.0310   68.97  14.21   49.79  16.44
   2802   111.38  1.7002   0.866  0.0387   70.12  13.49   51.26  15.74
   2802   116.39  1.7770   0.982  0.0424   71.67  12.50   53.50  14.78
   2802   123.23  1.8532   1.212  0.0737   73.76  11.09   56.94  13.26
   2802   139.22  1.5443   1.739  0.0538   78.02   7.93   65.24   9.21
   2802   142.50  1.4228   1.749  0.0531   78.89   7.32   67.07   8.41
   2802    40.46  4.0164   0.653  0.0062   49.25  14.54   46.36  17.40
   2802    41.44  4.0300   0.644  0.0085   50.09  15.22   45.09  17.79
   2802    44.89  3.9815   0.622  0.0130   51.95  17.36   41.45  18.78
   2803    83.58  0.8902   0.679  0.0873   46.92  13.80   51.35  16.36
   2803    84.70  0.9013   0.690  0.0889   47.90  13.83   51.27  16.38
   2803    85.85  0.9164   0.698  0.0872   48.94  13.87   51.19  16.42
   2803    87.04  0.9353   0.708  0.0862   50.03  13.92   51.09  16.48
   2803    88.27  0.9581   0.717  0.0870   51.22  13.95   50.96  16.53
   2803    89.55  0.9854   0.725  0.0899   52.48  13.99   50.83  16.61
   2803    90.02  1.4429   0.734  0.0755   63.80  17.54   44.57  19.76
   2803    91.51  1.4523   0.752  0.0743   64.29  17.27   45.04  19.57
   2803    93.10  1.4626   0.738  0.0766   64.75  16.95   45.47  19.29
   2803    94.81  1.4809   0.751  0.0756   65.39  16.63   46.19  19.07
   2803    96.72  1.4964   0.799  0.0754   65.75  16.27   46.37  18.51
   2803    98.81  1.5197   0.799  0.0762   66.30  15.88   46.82  18.13
   2803   101.16  1.5483   0.825  0.0720   66.93  15.43   47.50  17.65
   2803   103.86  1.5843   0.865  0.0707   67.70  14.94   48.34  17.16
   2803   107.00  1.6295   0.913  0.0646   68.80  14.31   49.59  16.54
   2803   110.85  1.6858   0.979  0.0662   69.93  13.61   50.99  15.85
   2803   115.71  1.7580   1.091  0.0757   71.42  12.66   53.14  14.93
   2803   122.23  1.8522   1.284  0.0804   73.46  11.32   56.46  13.54
   2803   139.77  1.5959   1.768  0.0503   78.20   7.80   65.74   9.10
   2803   143.10  1.4815   1.785  0.0476   79.09   7.17   67.61   8.27
   2803    39.08  4.0437   0.717  0.0185   49.60  14.51   46.34  17.36
   2803    40.13  4.0570   0.716  0.0139   50.44  15.17   45.09  17.74
   2803    43.77  4.0012   0.695  0.0118   52.22  17.28   41.45  18.71
   2804    84.90  0.9059   0.669  0.0587   48.10  13.84   51.24  16.38
   2804    86.08  0.9220   0.672  0.0561   49.17  13.88   51.14  16.43
   2804    87.29  0.9412   0.678  0.0553   50.32  13.88   51.04  16.48
   2804    88.56  0.9669   0.684  0.0516   51.51  13.98   50.91  16.55
   2804    89.88  0.9959   0.692  0.0468   52.82  14.02   50.76  16.62
   2804    90.40  1.4481   0.674  0.0467   63.92  17.48   44.70  19.73
   2804    91.95  1.4564   0.675  0.0429   64.42  17.18   45.18  19.54
   2804    93.60  1.4684   0.697  0.0414   64.91  16.85   45.64  19.19
   2804    95.40  1.4835   0.710  0.0307   65.37  16.51   46.01  18.80
   2804    97.34  1.5112   0.740  0.0361   66.25  16.11   47.10  18.67
   2804    99.58  1.5277   0.757  0.0293   66.50  15.73   47.06  17.96
   2804   102.06  1.5590   0.791  0.0266   67.20  15.28   47.76  17.50
   2804   104.93  1.5969   0.830  0.0229   68.02  14.76   48.71  16.97
   2804   108.32  1.6439   0.881  0.0398   69.14  14.10   50.00  16.31
   2804   112.51  1.7035   0.967  0.0426   70.40  13.31   51.65  15.55
   2804   117.90  1.7839   1.109  0.0511   72.08  12.24   54.20  14.51
   2804   123.89  1.8651   1.310  0.0710   73.95  10.99   57.36  13.18
   2804   140.28  1.6511   1.816  0.0601   78.38   7.68   66.19   9.01
   2804   143.98  1.5405   1.839  0.0555   79.36   6.98   68.31   8.07
   2804    37.70  4.0729   0.718  0.0180   50.02  14.47   46.34  17.30
   2804    38.82  4.0850   0.715  0.0109   50.85  15.12   45.09  17.68
   2804    42.67  4.0190   0.679  0.0193   52.55  17.18   41.45  18.65
   2805    86.12  0.9252   0.669  0.0757   49.22  13.90   51.15  16.45
   2805    87.36  0.9462   0.681  0.0743   50.38  13.94   51.05  16.52
   2805    88.65  0.9708   0.699  0.0689   51.63  13.96   50.91  16.58
   2805    89.99  1.0008   0.716  0.0687   52.97  14.01   50.74  16.64
   2805    90.56  1.4494   0.724  0.0657   63.95  17.43   44.77  19.65
   2805    92.13  1.4604   0.727  0.0608   64.52  17.13   45.27  19.47
   2805    93.83  1.4717   0.769  0.0658   64.95  16.81   45.72  19.12
   2805    95.68  1.4866   0.771  0.0547   65.44  16.45   46.08  18.72
   2805    97.67  1.5154   0.792  0.0532   66.37  16.03   47.22  18.60
   2805    99.98  1.5322   0.830  0.0433   66.62  15.65   47.16  17.88
   2805   102.55  1.5634   0.869  0.0367   67.34  15.19   47.91  17.40
   2805   105.54  1.6010   0.909  0.0319   68.19  14.64   48.94  16.85
   2805   109.08  1.6506   0.979  0.0445   69.33  13.98   50.23  16.19
   2805   113.48  1.7117   1.072  0.0572   70.69  13.13   52.03  15.38
   2805   119.20  1.7961   1.228  0.0657   72.48  11.99   54.84  14.26
   2805   124.20  1.8688   1.403  0.0902   74.04  10.94   57.54  13.15
   2805   140.77  1.7063   1.886  0.0621   78.56   7.57   66.62   8.90
   2805   144.51  1.6186   1.903  0.0607   79.55   6.85   68.80   7.96
   2805    37.58  4.1142   0.794  0.0184   51.47  15.10   45.04  17.62
   2805    40.94  4.0569   0.766  0.0138   52.86  16.77   42.00  18.45
   2806    83.38  0.8938   0.707  0.0366   46.79  13.83   51.34  16.37
   2806    84.56  0.9058   0.717  0.0340   47.82  13.85   51.24  16.38
   2806    85.76  0.9218   0.726  0.0325   48.92  13.88   51.15  16.43
   2806    87.01  0.9411   0.735  0.0321   50.09  13.89   51.04  16.49
   2806    88.30  0.9667   0.742  0.0328   51.30  13.98   50.91  16.55
   2806    89.65  0.9953   0.750  0.0334   52.65  14.01   50.75  16.61
   2806    90.21  1.4508   0.744  0.0382   63.84  17.50   44.67  19.73
   2806    91.78  1.4613   0.737  0.0353   64.40  17.22   45.12  19.53
   2806    93.48  1.4707   0.757  0.0374   64.84  16.88   45.54  19.20
   2806    95.30  1.4894   0.758  0.0379   65.56  16.51   46.35  18.99
   2806    97.34  1.5049   0.797  0.0408   65.91  16.15   46.50  18.38
   2806    99.59  1.5272   0.816  0.0377   66.50  15.73   47.06  17.96
   2806   102.13  1.5566   0.849  0.0384   67.21  15.26   47.79  17.47
   2806   105.07  1.5924   0.885  0.0372   68.05  14.73   48.79  16.94
   2806   108.55  1.6397   0.933  0.0446   69.14  14.09   49.96  16.29
   2806   112.83  1.6983   1.019  0.0638   70.44  13.28   51.71  15.54
   2806   118.34  1.7783   1.170  0.0735   72.17  12.19   54.38  14.47
   2806   124.47  1.8742   1.389  0.0859   74.11  10.90   57.71  13.11
   2806   143.66  1.7345   1.975  0.0671   79.39   6.98   68.47   8.19
   2806    34.99  4.1313   0.804  0.0211   51.39  14.40   46.40  17.14
   2806    36.81  4.1344   0.758  0.0170   52.47  15.27   44.68  17.64
   2806    40.33  4.0402   0.741  0.0252   53.57  16.81   41.69  18.45
   2807    83.21  0.8937   0.597  0.0721   46.66  13.83   51.33  16.37
   2807    84.39  0.9057   0.602  0.0710   47.70  13.85   51.24  16.38
   2807    85.61  0.9217   0.606  0.0686   48.80  13.88   51.15  16.43
   2807    86.87  0.9410   0.612  0.0653   49.99  13.89   51.04  16.48
   2807    88.18  0.9667   0.620  0.0626   51.20  13.98   50.92  16.55
   2807    89.55  0.9953   0.632  0.0571   52.56  14.01   50.75  16.61
   2807    90.11  1.4523   0.652  0.0619   63.80  17.51   44.64  19.73
   2807    91.70  1.4619   0.650  0.0505   64.35  17.23   45.13  19.53
   2807    93.42  1.4712   0.660  0.0444   64.81  16.88   45.54  19.19
   2807    95.25  1.4902   0.680  0.0462   65.54  16.52   46.34  18.99
   2807    97.31  1.5056   0.726  0.0524   65.91  16.16   46.48  18.39
   2807    99.58  1.5273   0.729  0.0412   66.50  15.73   47.06  17.96
   2807   102.15  1.5559   0.763  0.0327   67.22  15.26   47.81  17.46
   2807   105.12  1.5910   0.820  0.0362   68.06  14.72   48.81  16.93
   2807   108.63  1.6370   0.878  0.0576   69.17  14.07   50.01  16.27
   2807   112.96  1.6941   0.970  0.0652   70.48  13.26   51.77  15.51
   2807   118.53  1.7728   1.119  0.0639   72.22  12.15   54.49  14.43
   2807   124.72  1.8689   1.346  0.0859   74.18  10.85   57.87  13.05
   2807   144.12  1.7665   2.093  0.0778   79.52   6.90   68.84   8.09
   2807    33.64  4.1705   0.818  0.0129   51.93  14.40   46.30  17.13
   2807    35.59  4.1678   0.788  0.0169   52.95  15.25   44.57  17.64
   2807    39.32  4.0432   0.733  0.0135   53.88  16.74   41.50  18.44
   2808    83.04  0.8935   0.642  0.0436   46.53  13.83   51.33  16.36
   2808    84.24  0.9055   0.651  0.0424   47.58  13.85   51.24  16.38
   2808    85.47  0.9215   0.658  0.0417   48.69  13.87   51.15  16.43
   2808    86.74  0.9410   0.665  0.0396   49.88  13.89   51.03  16.48
   2808    88.06  0.9666   0.674  0.0370   51.10  13.98   50.92  16.56
   2808    89.44  0.9951   0.683  0.0370   52.47  14.01   50.75  16.61
   2808    90.01  1.4556   0.686  0.0287   63.81  17.54   44.56  19.77
   2808    91.62  1.4648   0.701  0.0275   64.34  17.25   45.06  19.59
   2808    93.35  1.4723   0.710  0.0264   64.78  16.89   45.54  19.19
   2808    95.20  1.4912   0.712  0.0213   65.53  16.53   46.32  18.99
   2808    97.28  1.5065   0.757  0.0206   65.92  16.16   46.44  18.41
   2808    99.58  1.5275   0.783  0.0246   66.50  15.73   47.06  17.96
   2808   102.17  1.5555   0.818  0.0248   67.22  15.26   47.82  17.46
   2808   105.16  1.5897   0.871  0.0256   68.08  14.71   48.83  16.92
   2808   108.71  1.6360   0.911  0.0452   69.19  14.07   50.00  16.27
   2808   113.08  1.6924   1.006  0.0705   70.49  13.26   51.82  15.50
   2808   118.69  1.7705   1.166  0.0676   72.27  12.12   54.56  14.40
   2808   124.95  1.8685   1.414  0.0860   74.23  10.82   58.01  13.01
   2808   144.51  1.8315   2.186  0.0863   79.69   6.80   69.20   7.99
   2808    32.28  4.1991   0.862  0.0235   52.69  14.35   46.38  17.05
   2808    34.35  4.1776   0.826  0.0196   53.67  15.19   44.60  17.53
   2808    38.31  4.0085   0.753  0.0270   54.40  16.55   41.39  18.34
   2809    82.88  0.8937   0.665  0.0562   46.41  13.83   51.32  16.36
   2809    84.09  0.9058   0.679  0.0595   47.47  13.85   51.24  16.39
   2809    85.33  0.9218   0.693  0.0596   48.59  13.88   51.15  16.44
   2809    86.61  0.9410   0.707  0.0548   49.79  13.89   51.03  16.48
   2809    87.95  0.9665   0.718  0.0512   51.03  13.98   50.92  16.56
   2809    89.34  0.9953   0.733  0.0458   52.40  14.01   50.75  16.62
   2809    89.92  1.4575   0.722  0.0518   63.77  17.56   44.55  19.77
   2809    91.54  1.4664   0.742  0.0447   64.32  17.26   45.03  19.57
   2809    93.29  1.4739   0.764  0.0393   64.76  16.90   45.51  19.19
   2809    95.16  1.4927   0.782  0.0355   65.52  16.54   46.30  19.01
   2809    97.25  1.5074   0.811  0.0376   65.91  16.17   46.43  18.42
   2809    99.56  1.5275   0.829  0.0255   66.49  15.73   47.05  17.96
   2809   102.18  1.5549   0.872  0.0287   67.22  15.25   47.82  17.46
   2809   105.19  1.5891   0.918  0.0290   68.09  14.71   48.83  16.92
   2809   108.77  1.6339   0.984  0.0431   69.18  14.06   50.03  16.26
   2809   113.18  1.6908   1.076  0.0573   70.51  13.25   51.86  15.49
   2809   118.85  1.7677   1.238  0.0849   72.30  12.10   54.64  14.37
   2809   125.16  1.8661   1.485  0.1038   74.28  10.79   58.14  12.98
   2809   144.86  1.8930   2.283  0.0947   79.83   6.72   69.54   7.91
   2809    31.03  4.2144   0.930  0.0157   53.59  14.34   46.34  16.95
   2809    33.23  4.1652   0.882  0.0166   54.49  15.16   44.50  17.43
   2809    36.82  3.9815   0.835  0.0227   54.99  16.20   41.60  18.15
   2810    84.78  0.9160   0.612  0.0518   48.09  13.87   51.19  16.42
   2810    86.06  0.9347   0.619  0.0501   49.26  13.92   51.09  16.48
   2810    87.38  0.9577   0.629  0.0481   50.50  13.96   50.97  16.55
   2810    88.76  0.9848   0.639  0.0457   51.85  14.00   50.83  16.61
   2810    90.21  1.0182   0.652  0.0425   53.27  14.06   50.66  16.69
   2810    90.91  1.4633   0.662  0.0372   64.08  17.36   44.87  19.65
   2810    92.61  1.4766   0.653  0.0366   64.71  17.07   45.36  19.43
   2810    94.47  1.4851   0.691  0.0368   65.14  16.68   45.80  18.98
   2810    96.50  1.5001   0.707  0.0351   65.67  16.29   46.23  18.56
   2810    98.68  1.5313   0.714  0.0332   66.72  15.83   47.59  18.44
   2810   101.26  1.5453   0.768  0.0336   66.97  15.42   47.53  17.64
   2810   104.15  1.5757   0.814  0.0362   67.79  14.89   48.47  17.09
   2810   107.54  1.6169   0.853  0.0373   68.84  14.29   49.65  16.47
   2810   111.66  1.6654   0.933  0.0394   70.06  13.51   51.22  15.73
   2810   116.88  1.7341   1.065  0.0548   71.68  12.50   53.64  14.76
   2810   123.90  1.8372   1.324  0.0842   73.89  11.06   57.42  13.26
   2810   142.65  1.9242   2.418  0.1142   79.24   7.17   68.27   8.49
   2810   153.19  1.8721   2.506  0.1062   82.07   5.06   74.70   5.81
   2810    28.43  4.2400   0.958  0.0113   53.52  13.90   47.25  16.64
   2810    30.79  4.1938   0.930  0.0259   54.64  14.75   45.28  17.15
   2810    35.34  3.9629   0.804  0.0162   55.35  15.99   41.61  18.05
   2811    82.99  0.8965   0.570  0.0428   46.54  13.82   51.30  16.37
   2811    84.23  0.9097   0.578  0.0403   47.63  13.83   51.21  16.40
   2811    85.50  0.9279   0.582  0.0399   48.76  13.89   51.13  16.47
   2811    86.82  0.9488   0.587  0.0372   50.00  13.93   51.00  16.51
   2811    88.19  0.9752   0.597  0.0357   51.30  13.99   50.87  16.58
   2811    89.63  1.0063   0.607  0.0335   52.70  14.04   50.73  16.68
   2811    90.28  1.4635   0.601  0.0332   63.87  17.50   44.67  19.73
   2811    91.95  1.4729   0.608  0.0298   64.47  17.18   45.13  19.49
   2811    93.78  1.4809   0.617  0.0253   64.91  16.81   45.59  19.11
   2811    95.72  1.5018   0.637  0.0254   65.71  16.44   46.49  18.95
   2811    97.92  1.5150   0.649  0.0306   66.08  16.03   46.61  18.26
   2811   100.36  1.5369   0.675  0.0191   66.71  15.59   47.28  17.80
   2811   103.13  1.5656   0.705  0.0197   67.50  15.09   48.13  17.29
   2811   106.36  1.5999   0.752  0.0199   68.44  14.49   49.26  16.71
   2811   110.23  1.6463   0.819  0.0393   69.64  13.78   50.67  15.98
   2811   115.06  1.7066   0.917  0.0483   71.11  12.87   52.77  15.12
   2811   121.41  1.7921   1.109  0.0677   73.10  11.58   56.03  13.82
   2811   125.49  1.8572   1.278  0.0745   74.38  10.73   58.33  12.90
   2811   142.92  1.9532   2.529  0.1202   79.35   7.10   68.49   8.42
   2811   147.95  1.9391   2.567  0.1236   80.69   6.09   71.53   7.12
   2811    27.03  4.2389   0.935  0.0160   54.34  13.91   47.20  16.55
   2811    29.57  4.1575   0.872  0.0331   55.39  14.73   45.14  17.10
   2811    34.38  3.8862   0.789  0.0299   55.92  15.84   41.28  18.01
