C_END
2778 0000 0004  2456625.053137    18.72   -55.79    12.19   -79.02    -5.19
2778 0000 0004  2456625.053137    18.72   -60.69    12.17   -68.83    -5.19
2778 0000 0004  2456625.053137    24.32   -41.00    11.78   -74.47     0.00
2778 0000 0004  2456625.053137    33.59   -60.42    11.21   -63.73    10.39
2778 0000 0004  2456625.053137   343.80   -45.72    14.48  -122.88    10.39
2778 0000 0004  2456625.053137   348.71   -45.72    14.16  -122.88    10.39
2778 0000 0004  2456625.053137   354.57   -50.72    13.75   -75.49     5.19
2778 0000 0004  2456625.053137    35.87   -45.81    11.02  -198.77     5.19
2778 0000 0004  2456625.053137   359.56   -50.80    13.45   -72.21     0.00
2778 0000 0004  2456625.053137    38.41   -60.60    10.88   -66.28     0.00
2778 0000 0004  2456625.053137    42.61   -60.60    10.59   -86.68     0.00
2778 0000 0004  2456625.053137    63.61   -55.62     9.19   -52.68     5.19
2778 0004 0008  2456625.087859    14.43   -56.05    12.47   -87.80   -31.16
2778 0004 0008  2456625.087859    19.16   -41.17    12.17  -129.34   -15.58
2778 0004 0008  2456625.087859    19.59   -45.98    12.11   -92.16    -7.79
2778 0004 0008  2456625.087859    22.30   -46.08    11.95  -227.68   -15.58
2778 0004 0008  2456625.087859    28.69   -60.87    11.53   -95.60   -23.37
2778 0004 0008  2456625.087859   344.50   -46.08    14.49  -140.95   -15.58
2778 0004 0008  2456625.087859   350.11   -46.08    14.10   -97.58   -15.58
2778 0004 0008  2456625.087859    35.34   -60.60    11.08   -19.12     0.00
2778 0004 0008  2456625.087859    38.58   -60.95    10.88   -91.78   -31.16
2778 0004 0008  2456625.087859    39.80   -55.88    10.76   -43.90   -15.58
2778 0004 0008  2456625.087859    44.36   -51.06    10.48   -68.93   -23.37
2778 0004 0008  2456625.087859    48.73   -51.15    10.18   -98.47   -31.16
2778 0004 0008  2456625.087859    49.87   -45.99    10.09   -37.95    -7.79
2778 0004 0008  2456625.087859    54.77   -60.60     9.78   -26.77     0.00
2778 0004 0008  2456625.087859    55.03   -55.79     9.76   -17.56    -7.79
2778 0004 0008  2456625.087859     9.62   -60.87    12.79   -72.66   -23.37
2778 0008 0012  2456625.122581    10.05   -60.52    12.79   -35.69     5.19
2778 0008 0012  2456625.122581    17.93   -60.87    12.25   -91.78   -15.58
2778 0008 0012  2456625.122581    19.16   -40.91    12.13   -86.23     5.19
2778 0008 0012  2456625.122581    22.22   -66.12    11.96   -92.60   -36.35
2778 0008 0012  2456625.122581    24.05   -40.91    11.82   -86.23     5.19
2778 0008 0012  2456625.122581    27.03   -66.20    11.62   -94.76   -41.55
2778 0008 0012  2456625.122581    27.38   -60.87    11.59  -101.97   -15.58
2778 0008 0012  2456625.122581    33.24   -60.69    11.25   -73.93    -5.19
2778 0008 0012  2456625.122581    33.24   -65.77    11.21   -62.45   -15.58
2778 0008 0012  2456625.122581   344.42   -45.90    14.46   -97.58     0.00
2778 0008 0012  2456625.122581   350.46   -45.81    14.07   -50.60     5.19
2778 0008 0012  2456625.122581    43.30   -55.79    10.54   -76.09    -5.19
2778 0008 0012  2456625.122581    49.78   -65.50    10.12   -17.23     0.00
2778 0008 0012  2456625.122581    53.45   -65.50     9.86   -47.38     0.00
2778 0008 0012  2456625.122581    63.78   -55.70     9.20   -46.82     0.00
2778 0008 0012  2456625.122581    63.78   -60.51     9.18   -40.79     5.19
2778 0012 0016  2456625.164248    18.11   -45.64    12.22  -122.88    15.58
2778 0012 0016  2456625.164248    18.45   -41.09    12.21  -117.58    -5.19
2778 0012 0016  2456625.164248    19.16   -65.41    12.18   -47.38     5.19
2778 0012 0016  2456625.164248    23.79   -40.91    11.89   -97.98     5.19
2778 0012 0016  2456625.164248    24.05   -65.41    11.85   -47.38     5.19
2778 0012 0016  2456625.164248    28.52   -60.51    11.54   -68.83     5.19
2778 0012 0016  2456625.164248    33.77   -60.16    11.20   -58.64    25.97
2778 0012 0016  2456625.164248    34.03   -65.50    11.20   -43.07     0.00
2778 0012 0016  2456625.164248   343.71   -45.90    14.53  -126.49     0.00
2778 0012 0016  2456625.164248    38.41   -65.41    10.87   -55.99     5.19
2778 0012 0016  2456625.164248    43.05   -65.50    10.57   -62.45     0.00
2778 0012 0016  2456625.164248     4.54   -45.81    13.15   -75.89     5.19
2778 0012 0016  2456625.164248    53.55   -60.52     9.87   -53.54     5.19
2778 0012 0016  2456625.164248     7.87   -41.27    12.89  -152.86   -15.58
2778 0012 0016  2456625.164248     9.18   -70.40    12.86   -41.81     0.00
2778 0016 0020  2456625.205914    10.71   -45.06    12.75  -204.59    -3.71
2778 0016 0020  2456625.205914    28.27   -65.12    11.59   -58.00    -7.42
2778 0016 0020  2456625.205914    29.08   -60.00    11.53   -44.51     0.00
2778 0016 0020  2456625.205914    31.95   -60.25    11.34  -107.57   -14.84
2778 0016 0020  2456625.205914    33.20   -65.19    11.23   -59.57   -11.13
2778 0016 0020  2456625.205914   337.70   -44.94    14.96  -120.66     3.71
2778 0016 0020  2456625.205914   342.70   -44.94    14.59  -120.66     3.71
2778 0016 0020  2456625.205914   346.51   -60.31    14.35  -120.56   -18.55
2778 0016 0020  2456625.205914   347.45   -44.88    14.28  -131.15     7.42
2778 0016 0020  2456625.205914   351.08   -60.25    14.04  -133.54   -14.84
2778 0016 0020  2456625.205914     7.27   -55.25    12.96  -112.77   -14.84
2778 0016 0020  2456625.205914     7.64   -59.88    12.94   -87.17     7.42
2778 0016 0020  2456625.205914     7.77   -45.06    12.93  -118.03    -3.71
2778 0020 0024  2456625.247581    18.58   -65.44    12.23   -50.17   -25.97
2778 0020 0024  2456625.247581    21.45   -65.44    12.01  -103.47   -25.97
2778 0020 0024  2456625.247581    26.70   -65.44    11.69   -97.20   -25.97
2778 0020 0024  2456625.247581    29.77   -60.00    11.50   -24.11     0.00
2778 0020 0024  2456625.247581    31.70   -65.38    11.37   -97.20   -22.26
2778 0020 0024  2456625.247581    32.52   -60.25    11.31   -90.88   -14.84
2778 0020 0024  2456625.247581   337.58   -35.25    14.95  -145.85   -14.84
2778 0020 0024  2456625.247581   342.58   -35.25    14.63  -145.85   -14.84
2778 0020 0024  2456625.247581   351.08   -60.38    14.05  -133.54   -22.26
2778 0020 0024  2456625.247581   351.33   -55.75    14.03  -144.68   -44.51
2778 0020 0024  2456625.247581     3.71   -44.94    13.21   -78.69     3.71
2778 0020 0024  2456625.247581     7.02   -45.12    13.02  -149.51    -7.42
2778 0020 0024  2456625.247581     7.21   -65.44    12.96   -84.65   -25.97
2778 0020 0024  2456625.247581     7.71   -55.06    12.95   -97.87    -3.71
2778 0024 0028  2456625.289248     0.20   -45.81    13.46   -98.09     5.19
2778 0024 0028  2456625.289248    20.83   -65.41    12.06   -43.07     5.19
2778 0024 0028  2456625.289248    24.20   -65.67    11.84   -83.07   -10.39
2778 0024 0028  2456625.289248   344.83   -60.52    14.50   -80.12     5.19
2778 0024 0028  2456625.289248   344.95   -55.79    14.49   -87.80    -5.19
2778 0024 0028  2456625.289248   350.08   -45.90    14.13  -103.26     0.00
2778 0024 0028  2456625.289248   350.70   -41.35    14.11   -83.99   -20.77
2778 0024 0028  2456625.289248   354.70   -60.42    13.84   -83.76    10.39
2778 0024 0028  2456625.289248   356.20   -41.26    13.68   -61.59   -15.58
2778 0024 0028  2456625.289248   359.70   -41.26    13.46  -128.78   -15.58
2778 0024 0028  2456625.289248     4.71   -41.27    13.16  -128.78   -15.58
2778 0024 0028  2456625.289248     5.21   -45.81    13.13   -98.09     5.19
