C_END
2810 0020 0028  2456657.029213   102.66   -65.77    13.19   -71.07   -15.58
2810 0020 0028  2456657.029213   103.36   -70.31    13.12   -43.55     5.19
2810 0020 0028  2456657.029213   103.62   -60.60    13.09   -56.09     0.00
2810 0020 0028  2456657.029213   107.56   -65.67    12.86   -71.07   -10.39
2810 0020 0028  2456657.029213   107.81   -60.69    12.81   -76.48    -5.19
2810 0020 0028  2456657.029213   107.91   -70.40    12.79   -50.52     0.00
2810 0020 0028  2456657.029213   108.52   -55.70    12.79   -64.38     0.00
2810 0020 0028  2456657.029213   112.72   -60.69    12.48   -76.48    -5.19
2810 0020 0028  2456657.029213   112.72   -65.59    12.48   -64.61    -5.19
2810 0020 0028  2456657.029213   112.89   -70.40    12.50   -48.78     0.00
2810 0020 0028  2456657.029213   117.53   -65.59    12.16   -66.76    -5.19
2810 0020 0028  2456657.029213   117.79   -60.69    12.16   -71.38    -5.19
2810 0020 0028  2456657.029213   118.23   -70.40    12.13   -40.07     0.00
2810 0020 0028  2456657.029213   122.69   -60.69    11.84   -71.38    -5.19
2810 0020 0028  2456657.029213   122.78   -65.59    11.81   -58.15    -5.19
2810 0020 0028  2456657.029213   123.12   -70.22    11.82   -40.07    10.39
2810 0020 0028  2456657.029213   128.03   -60.69    11.46   -58.64    -5.19
2810 0020 0028  2456657.029213   128.72   -55.79    11.41   -43.90    -5.19
2810 0020 0028  2456657.029213   128.72   -70.22    11.42   -26.13    10.39
2810 0020 0028  2456657.029213   132.93   -60.69    11.13   -58.64    -5.19
2810 0020 0028  2456657.029213   133.62   -65.59    11.10   -32.30    -5.19
2810 0020 0028  2456657.029213   133.80   -55.70    11.09   -38.04     0.00
2810 0020 0028  2456657.029213   137.82   -65.59    10.80   -49.53    -5.19
2810 0020 0028  2456657.029213   138.00   -60.69    10.80   -53.54    -5.19
2810 0020 0028  2456657.029213   138.09   -55.79    10.79   -58.53    -5.19
2810 0020 0028  2456657.029213   142.81   -55.88    10.50   -64.38   -10.39
2810 0020 0028  2456657.029213   148.41   -50.80    10.10   -45.95     0.00
2810 0020 0028  2456657.029213    85.59   -75.65    14.29   -79.07   -20.77
2810 0020 0028  2456657.029213    89.79   -65.41    14.03   -25.84     5.19
2810 0020 0028  2456657.029213    90.49   -75.65    13.97   -79.07   -20.77
2810 0020 0028  2456657.029213    92.94   -65.77    13.81   -68.91   -15.58
2810 0020 0028  2456657.029213    98.54   -70.31    13.45   -41.81     5.19
2810 0020 0028  2456657.029213    98.72   -60.60    13.43   -56.09     0.00
2810 0020 0028  2456657.029213    98.72   -65.50    13.41   -47.38     0.00
2810 0024 0032  2456657.050046   102.56   -65.85    13.17   -73.22   -20.77
2810 0024 0032  2456657.050046   102.66   -61.03    13.18   -84.13   -25.97
2810 0024 0032  2456657.050046   103.27   -70.49    13.11   -45.29    -5.19
2810 0024 0032  2456657.050046   107.56   -60.87    12.84   -84.13   -15.58
2810 0024 0032  2456657.050046   107.91   -65.67    12.82   -62.45   -10.39
2810 0024 0032  2456657.050046   108.25   -70.49    12.79   -43.55    -5.19
2810 0024 0032  2456657.050046   112.54   -60.78    12.52   -81.58   -10.39
2810 0024 0032  2456657.050046   113.06   -65.50    12.46   -55.99     0.00
2810 0024 0032  2456657.050046   113.16   -70.40    12.47   -43.55     0.00
2810 0024 0032  2456657.050046   117.97   -60.69    12.13   -66.28    -5.19
2810 0024 0032  2456657.050046   117.97   -65.50    12.13   -55.99     0.00
2810 0024 0032  2456657.050046   118.41   -70.22    12.13   -36.58    10.39
2810 0024 0032  2456657.050046   122.95   -65.59    11.79   -53.84    -5.19
2810 0024 0032  2456657.050046   123.22   -60.69    11.78   -56.09    -5.19
2810 0024 0032  2456657.050046   123.22   -70.31    11.79   -38.33     5.19
2810 0024 0032  2456657.050046   128.12   -55.79    11.46   -64.38    -5.19
2810 0024 0032  2456657.050046   128.12   -60.69    11.46   -56.09    -5.19
2810 0024 0032  2456657.050046   128.12   -65.50    11.48   -47.38     0.00
2810 0024 0032  2456657.050046   133.01   -55.79    11.14   -64.38    -5.19
2810 0024 0032  2456657.050046   133.01   -60.69    11.12   -56.09    -5.19
2810 0024 0032  2456657.050046   133.01   -65.50    11.14   -47.38     0.00
2810 0024 0032  2456657.050046   138.00   -60.69    10.80   -53.54    -5.19
2810 0024 0032  2456657.050046   138.00   -65.59    10.80   -45.23    -5.19
2810 0024 0032  2456657.050046   138.09   -55.70    10.81   -58.53     0.00
2810 0024 0032  2456657.050046   142.90   -60.69    10.48   -53.54    -5.19
2810 0024 0032  2456657.050046   142.99   -55.70    10.48   -58.53     0.00
2810 0024 0032  2456657.050046   147.80   -60.69    10.16   -53.54    -5.19
2810 0024 0032  2456657.050046   151.56   -60.78     9.91   -86.68   -10.39
2810 0024 0032  2456657.050046   153.22   -55.70     9.79   -43.90     0.00
2810 0024 0032  2456657.050046   157.60   -55.79     9.51   -61.46    -5.19
2810 0024 0032  2456657.050046   162.32   -55.70     9.19   -67.31     0.00
2810 0024 0032  2456657.050046    83.58   -75.30    14.44   -35.58     0.00
2810 0024 0032  2456657.050046    88.66   -65.67    14.11   -53.84   -10.39
2810 0024 0032  2456657.050046    89.00   -75.30    14.11   -27.67     0.00
2810 0024 0032  2456657.050046    89.27   -70.40    14.05   -31.36     0.00
2810 0024 0032  2456657.050046    92.94   -65.85    13.82   -68.91   -20.77
2810 0024 0032  2456657.050046    93.38   -60.87    13.79   -68.83   -15.58
2810 0024 0032  2456657.050046    94.16   -70.40    13.75   -31.36     0.00
2810 0024 0032  2456657.050046    97.84   -65.85    13.50   -68.91   -20.77
2810 0024 0032  2456657.050046    98.45   -60.78    13.46   -63.73   -10.39
2810 0024 0032  2456657.050046    98.62   -70.49    13.43   -40.07    -5.19
2810 0040 0048  2456657.133380   102.66   -70.66    13.20   -57.49   -15.58
2810 0040 0048  2456657.133380   102.83   -65.85    13.17   -66.76   -20.77
2810 0040 0048  2456657.133380   102.92   -60.95    13.19   -76.48   -20.77
2810 0040 0048  2456657.133380   107.73   -65.85    12.82   -66.76   -20.77
2810 0040 0048  2456657.133380   107.81   -60.95    12.84   -76.48   -20.77
2810 0040 0048  2456657.133380   108.69   -70.49    12.79   -34.84    -5.19
2810 0040 0048  2456657.133380   112.62   -65.85    12.52   -66.76   -20.77
2810 0040 0048  2456657.133380   113.06   -60.95    12.47   -66.28   -20.77
2810 0040 0048  2456657.133380   117.70   -61.03    12.20   -73.93   -25.97
2810 0040 0048  2456657.133380   118.06   -65.94    12.16   -53.84   -25.97
2810 0040 0048  2456657.133380   123.31   -65.94    11.79   -45.23   -25.97
2810 0040 0048  2456657.133380   123.47   -60.95    11.79   -48.44   -20.77
2810 0040 0048  2456657.133380   127.59   -61.03    11.53   -71.38   -25.97
2810 0040 0048  2456657.133380   128.03   -65.94    11.50   -49.53   -25.97
2810 0040 0048  2456657.133380   132.41   -65.85    11.22   -62.45   -20.77
2810 0040 0048  2456657.133380   147.54   -60.95    10.19   -61.18   -20.77
2810 0040 0048  2456657.133380   148.24   -55.97    10.14   -46.82   -15.58
2810 0040 0048  2456657.133380   148.24   -65.50    10.14   -34.46     0.00
2810 0040 0048  2456657.133380   152.44   -60.95     9.86   -61.18   -20.77
2810 0040 0048  2456657.133380   152.79   -55.97     9.84   -58.53   -15.58
2810 0040 0048  2456657.133380   157.34   -56.05     9.54   -70.24   -20.77
2810 0040 0048  2456657.133380   157.34   -60.95     9.55   -61.18   -20.77
2810 0040 0048  2456657.133380   162.50   -55.97     9.21   -61.46   -15.58
2810 0040 0048  2456657.133380    88.12   -70.31    14.18   -54.00     5.19
2810 0040 0048  2456657.133380    89.62   -65.23    14.05   -30.15    15.58
2810 0040 0048  2456657.133380    92.15   -70.75    13.88   -71.42   -20.77
2810 0040 0048  2456657.133380    93.47   -65.50    13.80   -55.99     0.00
2810 0040 0048  2456657.133380    93.47   -75.38    13.80   -34.26    -5.19
2810 0040 0048  2456657.133380    97.06   -70.75    13.55   -71.42   -20.77
2810 0040 0048  2456657.133380    98.37   -65.50    13.46   -55.99     0.00
2810 0040 0048  2456657.133380    98.62   -75.38    13.47   -30.31    -5.19
