
 File: RadianceFactorRatio_vs_TVeRa50-80kmAltitude.dat
 Created at 2024-11-10 at 16:32:26
 Created with CreateTable_RadianceFactorRatios_vs_T-SVeRa.py

 RFR = Radiance Factor Ratio average for the VMC image (from VMC Step03 - RadianceFactorRatiosPerOrbit.dat)
 z_cloudtop = cloud top altitude
 latitude = latitude of the VeRa sounding at 65km altitude

  OrbitID     RFR     dRFR   z_cloudtop   latitude    T50   dT     T51   dT     T52   dT     T53   dT     T54   dT     T55   dT     T56   dT     T57   dT     T58   dT     T59   dT     T60   dT     T61   dT     T62   dT     T63   dT     T64   dT     T65   dT     T66   dT     T67   dT     T68   dT     T69   dT     T70   dT     T71   dT     T72   dT     T73   dT     T74   dT     T75   dT     T76   dT     T77   dT     T78   dT     T79   dT     T80   dT    
                                (km)        (˚)       (K)   (K)    (K)   (K)    (K)   (K)    (K)   (K)    (K)   (K)    (K)   (K)    (K)   (K)    (K)   (K)    (K)   (K)    (K)   (K)    (K)   (K)    (K)   (K)    (K)   (K)    (K)   (K)    (K)   (K)    (K)   (K)    (K)   (K)    (K)   (K)    (K)   (K)    (K)   (K)    (K)   (K)    (K)   (K)    (K)   (K)    (K)   (K)    (K)   (K)    (K)   (K)    (K)   (K)    (K)   (K)    (K)   (K)    (K)   (K)    (K)   (K)   
C_END
   0260      1.740   0.1860      65       -60.17     343.6  2.1   334.8  2.4   326.4  2.7   317.9  2.6   308.7  2.4   300.4  2.8   290.3  3.0   280.0  3.0   269.7  3.1   258.8  3.2   247.8  3.1   237.0  3.0   226.5  3.1   219.3  1.7   214.2  0.9   215.7  2.2   220.6  1.4   226.6  1.7   229.1  0.2   229.6  0.7   229.2  0.8   225.8  0.7   227.3  0.3   225.6  0.8   225.3  0.4   219.9  1.9   216.4  0.2   216.1  0.1   212.7  nan   208.3  1.2   202.8  1.2  
   0268      1.240   0.1080      73       -35.93     351.0  2.3   342.0  2.8   332.8  2.6   323.4  2.8   313.6  2.8   303.4  3.0   293.3  2.8   283.2  3.0   274.7  1.5   269.0  1.1   262.6  2.2   256.4  0.9   250.4  2.5   242.0  1.8   237.5  0.4   238.3  0.6   238.5  0.3   234.8  1.6   227.7  1.6   223.9  0.6   222.1  0.7   221.1  0.2   220.8  0.7   217.8  1.4   210.7  1.7   206.4  0.8   209.0  0.3   209.1  0.5   206.1  0.3   204.3  0.9   198.7  1.6  
   0270      1.060   0.0690      73       -29.48     348.7  2.0   340.3  2.7   330.6  2.9   321.0  2.5   312.2  2.8   302.6  2.7   293.0  2.8   282.7  3.1   272.4  1.9   269.3  1.5   263.8  1.4   257.0  1.6   253.5  0.8   250.0  0.6   247.3  1.1   246.2  0.4   240.9  1.4   239.0  0.6   236.3  1.1   232.8  0.2   231.9  0.7   226.3  1.5   224.1  0.2   222.3  1.3   216.0  0.9   212.0  1.7   206.6  1.4   201.4  1.2   197.1  0.9   192.9  1.6   186.8  1.7  
   0272      1.020   0.0670      73       -22.80     350.9  2.4   341.7  2.7   333.0  2.7   323.6  2.7   314.1  2.7   304.1  3.0   293.9  2.9   283.9  2.9   275.2  1.9   270.8  1.3   266.4  1.4   257.6  2.8   249.5  1.3   242.7  1.8   237.3  1.6   235.6  1.0   237.9  0.6   237.6  0.8   232.3  1.7   228.2  0.6   225.3  0.8   220.5  1.7   215.5  0.8   216.9  1.6   218.4  0.8   216.3  0.1   216.3  0.1   213.1  1.2   207.1  2.1   199.5  1.2   193.6  1.6  
   0422      0.980   0.0780      73       -25.89     352.3  2.2   342.8  2.8   333.9  2.6   323.7  2.7   314.2  2.8   303.9  2.9   294.1  3.0   284.3  2.9   274.0  2.9   264.4  2.0   259.9  1.3   255.3  1.3   250.8  0.7   247.9  1.1   246.2  0.8   245.4  1.4   241.3  2.1   234.2  1.7   228.8  0.9   225.0  2.0   222.1  0.7   218.4  1.3   214.3  1.4   210.4  0.8   207.7  0.8   203.8  1.3   199.3  1.2   194.7  1.3   190.3  0.9   186.6  1.3   182.1  0.9  
   0424      0.800   0.0630      73       -19.68     352.0  2.4   343.3  2.8   333.5  2.6   323.7  2.9   313.9  3.0   304.3  2.8   293.9  2.9   283.9  2.9   274.1  2.8   265.6  1.0   262.9  1.8   257.5  0.7   255.3  0.8   251.6  1.3   248.8  1.4   243.3  1.3   239.5  0.3   236.3  2.3   228.7  2.3   225.5  1.0   219.7  0.9   216.5  1.1   212.6  1.1   209.8  0.5   207.6  0.9   204.4  1.1   200.3  1.2   196.6  0.9   192.9  1.2   189.2  0.8   186.7  0.6  
   0427      0.860   0.0700      73       -10.03     350.6  2.1   342.1  2.5   334.0  2.7   324.8  3.0   314.5  2.8   304.5  2.5   295.2  2.8   284.6  2.7   274.8  2.8   265.4  1.2   261.1  1.8   257.0  0.6   251.8  1.5   250.5  0.5   249.0  1.3   241.2  1.6   235.9  1.5   232.8  0.4   229.7  2.2   225.0  0.8   221.3  1.1   218.3  0.4   217.0  0.4   214.6  0.8   210.9  1.1   206.1  1.6   200.8  1.4   195.8  1.4   190.6  1.5   186.1  1.1   182.5  0.9  
   0642      1.110   0.0900      71       -40.07     346.0  2.6   337.9  2.7   328.3  2.5   319.4  2.6   309.2  2.7   299.4  2.8   292.1  1.3     nan  nan   272.4  2.0   268.0  0.9   264.0  1.1   258.2  2.1   252.3  1.4   247.0  1.7   244.0  0.6   243.3  0.4   241.9  0.6   239.7  1.9   235.6  0.6   231.8  1.9   231.7  1.2   229.4  1.7   222.3  2.2   217.5  0.1   214.4  2.4   208.1  0.9   204.7  0.7   201.9  0.7   200.5  0.2   200.7  0.1   200.5  0.0  
   0643      0.940   0.0800      71       -43.20     347.1  2.5   337.9  2.7   328.1  2.8   318.2  2.9   308.9  2.7   298.9  2.9   289.1  2.9   279.1  2.9   271.1  1.8   268.2  0.7   264.4  1.9   256.7  1.5   252.9  1.4   248.2  1.3   249.4  0.8   246.4  0.8   244.7  0.3   244.1  0.7   238.4  1.7   235.7  0.8   231.5  1.5   228.8  0.3   226.9  1.7   221.5  1.2   217.6  0.8   213.7  0.9   210.0  0.7   208.7  0.2   207.4  1.0   202.8  0.7   200.4  0.7  
   0644      1.120   0.1100      71       -46.30     348.1  2.8   337.9  2.9   327.9  2.8   318.6  2.5   308.4  3.3   298.2  2.5   287.9  3.4   277.4  2.3   268.7  2.4   261.8  1.4   258.2  0.2   256.0  1.8   251.0  1.6   246.8  1.2   245.9  0.2   243.7  0.4   242.2  nan   239.9  0.1   240.3  1.1   234.0  nan   231.3  nan     nan  nan   226.5  nan   223.2  nan     nan  nan   222.3  nan   220.5  nan     nan  nan     nan  nan   219.4  nan     nan  nan  
   0959      1.140   0.1030      65       -69.63     333.3  2.6   323.6  2.4   316.5  2.5   307.1  2.8   298.0  2.3   289.9  2.5   280.7  2.7   270.8  3.0   260.1  3.1   249.3  3.1   238.9  3.1   229.6  1.2   223.0  2.9   214.7  1.6   217.3  2.2   223.7  1.5   225.9  0.9   228.2  1.8   231.2  0.3   233.2  0.5   235.4  0.8   235.0  0.8   230.3  1.5   224.6  0.9   225.0  1.0   227.3  0.5   223.4  1.3   217.7  1.3   211.9  2.3   204.7  1.4   200.9  nan  
   0961      1.160   0.1140      65       -63.74     333.5  1.8   326.3  2.0   319.1  2.3   309.8  2.8   300.2  2.6   290.3  2.6   281.5  2.8   271.1  2.9   260.9  2.9   250.8  3.0   239.6  3.1   229.8  3.1   224.5  0.2   218.3  0.5   215.1  1.0   220.1  1.9   226.0  2.5   232.8  2.1   238.5  1.7   240.3  1.5   232.5  2.7   225.2  1.3   225.8  1.7   228.2  0.3   225.3  1.2   220.6  0.9   219.2  0.7   211.5  2.8   205.0  0.5   203.0  nan   198.2  2.2  
   0963      1.530   0.1490      71       -57.78     343.6  2.9   334.5  2.5   325.3  2.3   316.2  2.5   308.4  2.5   298.7  2.7   289.4  2.9   279.6  2.8   269.4  3.0   258.7  3.1   248.0  2.9   237.2  3.3   226.0  3.2   215.2  1.8   212.5  0.5   217.1  2.2   218.5  0.4   222.2  1.7   227.7  1.7   231.7  0.4   230.2  1.1   225.6  1.2   224.4  0.3   223.9  0.6   220.6  1.1   216.7  0.7   215.1  0.8   209.9  1.6   205.4  nan   205.0  0.8   199.4  nan  
   0965      1.420   0.0900      71       -51.75     347.7  2.3   339.7  2.3   330.5  2.9   320.5  2.7   310.7  2.8   300.5  2.8   290.6  2.9   280.5  2.9   270.2  3.0   259.8  3.0   249.1  3.4   239.6  0.6   236.9  0.9   232.8  1.5   229.4  0.9   227.3  0.3   236.4  4.6   241.4  1.5   235.6  1.2   230.5  1.3   225.6  1.8   220.4  1.4   216.3  1.1   213.3  0.7   211.5  0.5   207.7  1.6   202.9  0.7   198.6  1.0   197.5  0.3   194.2  0.8   191.6  1.2  
   0967      1.360   0.1020      71       -45.63     352.2  2.5   342.9  2.7   333.6  2.8   323.7  2.8   313.7  2.8   303.6  2.9   294.3  2.7   284.7  2.8   275.2  2.7   266.4  2.2   262.5  0.2     nan  nan     nan  nan     nan  nan   239.1  0.2   235.7  1.8   231.7  1.8   226.6  1.4   221.7  1.0   216.6  1.1   216.8  1.1   219.0  0.6   218.8  1.0   216.1  0.2   214.4  1.2   209.2  0.6   208.5  0.6   206.2  1.4   199.3  1.6   192.6  1.3   185.9  1.6  
   0969      1.380   0.0890      73       -39.42     350.1  2.4   342.2  2.5   333.4  2.9   323.3  2.8   313.7  2.7   304.4  2.8   294.7  2.8   285.0  2.8   274.6  3.0   264.4  2.9   254.3  2.7   243.9  1.1   240.0  1.1   238.9  0.7   241.2  0.6   237.0  0.9   239.1  0.8   236.6  1.4   232.2  1.3   230.8  1.0   224.3  2.4   218.2  1.3   213.7  1.2   212.8  0.2   212.9  0.9   208.3  1.1   203.4  1.9   196.1  1.8   189.8  1.4   183.1  1.5   179.5  0.6  
   0971      1.230   0.0900      73       -33.09     353.5  2.6   344.1  2.8   334.5  3.0   324.5  2.9   314.5  2.7   304.8  2.9   294.3  2.8   283.9  2.7   273.9  2.7   267.4  0.7   261.4  2.3   254.3  2.3   248.0  0.9   247.6  0.4   247.3  0.8   244.2  1.2   240.0  1.1   235.6  1.5   229.8  2.1   225.6  1.0   221.3  1.9   215.3  1.5   211.9  0.5   208.9  1.2   205.9  1.0   202.7  1.0   198.6  0.8   198.6  0.4   194.0  1.8   189.1  1.0   184.1  1.5  
   1191      0.800   0.0500      73       -14.97     351.5  2.7   341.9  2.6   332.4  2.7   324.6  2.6   315.3  2.5   306.1  2.6   296.7  3.0   287.1  2.8   281.7  0.7   277.8  1.6   273.4  1.7   265.7  1.6   261.0  1.3   256.2  1.0   252.4  0.8   248.1  1.5   245.5  2.3   241.4  0.5   242.3  1.2   235.2  1.3   229.6  2.3   224.2  0.8   221.2  1.6   217.4  0.7   214.1  1.5   209.2  1.0   205.1  1.3   200.0  1.7   194.1  1.5   188.8  1.6   182.6  1.8  
   1193      0.940   0.1320      73       -22.39     350.9  2.5   342.6  2.3   333.5  2.5   324.2  2.9   314.6  2.7   305.5  2.9   295.7  2.6   288.4  1.2   282.6  1.7   276.1  1.5   270.4  2.3   263.3  1.1   259.1  1.0   255.2  1.9   251.2  1.0   249.1  1.2   247.0  0.4   243.4  1.2   238.1  1.8   234.3  1.0   230.7  1.9   225.1  1.1   220.8  1.1   215.9  1.3   210.8  1.1   207.2  1.2   202.7  1.2   199.9  0.4   197.0  1.0   196.5  0.3   193.6  1.0  
   1201      1.170   0.0610      71       -49.58     347.9  2.0   340.1  2.8   330.4  2.9   320.9  2.8   311.0  2.9   301.1  2.7   291.2  2.9   281.2  2.9   271.0  3.0   261.4  2.5   252.6  1.9   245.7  1.6   241.1  0.7   240.6  0.8   236.0  1.1   227.6  2.3   223.0  0.9   219.5  0.7   222.6  0.6   223.4  0.4   222.1  0.1   222.7  0.5   221.4  0.3   221.9  0.6   222.3  1.1   218.6  1.0   215.1  0.2   213.5  0.8   210.5  0.5   208.5  0.6   204.9  1.2  
   1204      0.980   0.0820      71       -59.14     343.6  2.7   334.9  2.4   326.8  2.8   317.3  2.2   308.6  2.8   299.2  2.9   289.3  2.8   279.0  3.0   268.7  3.0   258.1  3.0   247.3  3.2   237.2  2.5   230.3  0.7   233.3  1.0   230.5  2.1   227.9  0.7   227.5  0.6   227.8  0.2   228.9  0.6   227.2  0.4   226.3  0.7   229.6  0.8   228.4  0.4   226.5  1.0   223.5  0.5   221.3  0.6   220.0  0.1   221.3  0.7   219.7  0.6   218.2  0.1   215.3  2.0  
   1207      0.950   0.0580      65       -68.49     335.6  2.5   325.9  2.7   316.9  2.5   307.2  2.9   297.2  2.9   287.6  2.9   277.7  2.8   268.7  2.5   261.8  2.2   252.0  3.1   241.6  2.9   233.2  0.9   231.2  0.5   231.0  0.5   231.8  0.4   229.0  0.5   231.4  1.0   232.3  0.9   232.8  0.2   231.7  0.3   232.6  1.2   234.0  0.7   231.7  0.2   228.8  0.9   226.7  0.3   225.2  1.3   219.6  1.1   215.7  0.8   212.1  1.0   206.1  2.0   200.1  nan  
   1513      0.730   0.0490      65       -67.36     338.5  2.1   329.9  2.4   321.1  2.4   312.0  2.7   303.5  2.4   294.7  2.7   285.2  2.7   274.9  3.1   264.7  2.8   254.2  2.8   248.6  2.6   241.9  0.9   237.8  1.7   230.2  2.8   219.9  3.1   212.8  0.5   214.2  0.6   218.4  2.0   224.9  1.0   223.3  1.0   226.9  0.5   224.7  0.5   223.5  0.9   225.3  0.8   223.7  1.5   215.6  1.3   213.3  0.6   215.5  0.4   216.0  0.2   213.6  nan   210.2  0.1  
   1521      1.160   0.0700      71       -43.59     349.2  2.4   340.2  2.4   331.2  2.9   321.2  2.9   311.2  2.9   301.1  2.9   291.0  3.0   281.6  2.6   273.8  1.9   267.9  1.1   263.7  1.5   257.0  1.9   250.5  1.9   242.8  2.6   233.6  2.0   227.2  1.9   225.6  0.7   224.8  0.4   223.2  0.9   220.8  0.2   221.8  0.3   221.4  0.8   220.0  0.1   219.8  0.4   218.6  0.1   216.4  1.0   215.5  0.1   213.4  1.1   206.1  2.6   198.7  1.1   194.3  1.2  
   1748      0.710   0.0440      73       -32.83     347.7  2.2   340.2  2.5   330.3  2.9   320.8  2.5   311.7  2.7   301.5  3.1   291.6  2.8   284.4  1.9   280.6  0.8   275.1  1.7   269.0  1.5   263.8  1.3   260.2  1.2   258.7  1.2   254.2  0.7   250.6  0.3   248.6  0.9   245.1  1.4   242.4  0.9   238.4  0.4   235.1  1.4   232.1  0.7   229.8  0.7   226.7  0.9   223.5  1.3   218.9  1.2   214.9  0.9   211.9  0.9   208.5  0.8   206.0  0.6   203.3  0.7  
   1753      0.860   0.0540      71       -49.41     345.1  2.4   336.3  2.8   326.7  2.8   316.6  2.8   307.2  2.8   297.2  2.9   287.1  3.0   278.1  2.5   272.6  1.3   267.5  1.4   264.3  1.3   259.7  0.7   257.0  1.0   254.4  1.0   250.4  0.4   245.5  1.8   241.1  0.9   240.2  0.3   238.4  0.9   236.5  0.2   235.4  0.4   233.3  0.7   229.7  1.0   226.8  0.7   223.4  1.2   219.5  1.0   216.6  0.6   214.1  0.8   211.6  0.5   208.8  0.6   206.4  0.8  
   1758      1.030   0.0760      65       -65.46     329.5  1.5   323.5  2.0   315.5  2.5   306.5  2.8   297.6  2.8   287.6  3.1   276.8  3.1   266.5  2.9   256.5  2.8   246.5  1.5   243.2  2.2   237.3  0.6   235.3  1.6   236.0  1.3   237.7  0.2   234.8  1.3   232.8  0.4   233.8  0.4   237.3  1.6   241.8  1.6   245.4  0.1   245.2  0.3   243.6  0.4   241.8  0.3   240.4  0.6   233.1  0.8   229.0  1.0   226.8  0.5   223.9  0.9   221.1  0.3   218.1  1.3  
   1901      0.850   0.0500      71       -49.91     343.5  2.6   334.4  2.2   325.2  2.1   317.4  2.9   307.5  3.0   297.1  2.9   287.1  3.1   276.8  2.9   267.1  2.9   258.1  1.8   253.9  2.2   247.0  1.1   242.4  1.5   240.2  0.5   242.7  0.8   241.8  0.5   241.7  0.3   239.8  0.2   238.6  1.3   232.8  0.8   230.7  0.1   228.8  1.1   227.7  0.3   229.6  0.3   228.7  1.0   225.0  0.2   224.0  0.3   224.6  0.3   221.1  1.1   217.7  0.6   216.3  nan  
   2063      1.200   0.2050      65       -76.86     319.3  2.9   310.0  3.1   299.7  3.1   289.5  3.1   279.4  2.7   269.9  2.8   259.2  2.7   249.7  2.9   238.9  3.3   232.0  2.8   218.6  2.3   223.5  2.2   222.3  2.3   222.4  2.5   232.9  2.5   235.9  0.6   240.8  1.9   240.4  1.3   236.9  1.0   236.5  0.4   235.8  0.4   231.7  1.1   232.0  1.6   233.7  0.2   234.6  0.6   229.5  2.1   223.7  0.7   220.9  0.6   219.8  0.5   217.9  0.3   216.8  1.3  
   2065      1.240   0.1740      65       -69.59     326.5  2.4   318.0  2.4   311.7  2.0   305.1  2.2   297.2  2.3   287.6  2.8   278.3  3.0   267.6  3.2   257.0  2.8   246.9  3.0   236.6  3.1   225.0  3.3   213.5  3.3   203.4  2.4   216.4  5.6   221.0  0.6   228.9  3.2   232.2  0.6   238.5  1.7   239.7  0.5   239.2  0.8   237.1  0.6   237.2  0.3   233.8  0.6   232.7  0.2   230.9  1.4   225.1  1.3   220.5  0.5   223.2  0.6   219.9  nan   214.7  1.7  
   2068      1.160   0.1280      71       -58.45     342.1  2.2   334.1  2.7   323.9  3.0   313.8  2.9   303.9  2.8   294.6  2.6   284.4  3.1   274.0  3.1   264.0  3.0   252.6  3.2   241.6  3.1   230.7  2.8   225.7  0.5   221.0  2.7   215.9  1.4   218.8  0.7   221.3  1.6   230.1  2.3   231.8  0.2   232.0  0.7   231.3  0.9   232.0  0.2   230.1  0.6   231.1  0.6   231.1  0.7   227.1  1.5   219.1  2.8   211.3  1.2   206.3  1.1   200.6  1.4   199.7  0.4  
   2069      1.200   0.1150      71       -54.70     343.0  2.1   334.4  2.5   326.3  1.9   317.3  2.8   307.0  2.6   297.9  3.2   286.9  3.0   277.0  3.0   266.9  2.9   256.3  2.9   245.0  3.3   232.4  2.6   225.1  3.4   221.8  1.7   225.0  0.9   225.1  0.9   228.8  1.2   230.0  0.2   231.4  1.0   234.0  0.9   234.4  0.7   231.5  0.7   232.3  0.4   227.6  1.4   225.0  0.5   222.0  0.3   222.1  0.3   219.7  2.0   211.8  1.6   204.6  1.8   199.3  1.1  
   2071      1.160   0.1090      71       -47.03     347.0  2.3   338.5  2.7   329.0  2.6   319.5  2.6   309.6  2.9   299.5  2.8   289.6  3.0   279.1  3.0   268.6  3.2   257.6  3.1   247.5  2.2   239.8  2.2   232.0  1.5   228.8  1.0   226.9  0.7   228.1  1.1   227.0  0.6   227.2  0.4   227.3  0.6   225.2  0.2   224.4  0.3   225.7  0.6   228.1  0.7   227.7  0.8   222.4  1.7   217.5  0.7   216.8  0.2   214.2  1.1   210.9  1.2   207.6  0.3   207.0  0.3  
   2072      1.120   0.1000      71       -43.12     346.3  2.3   337.3  2.3   329.0  2.6   320.2  2.7   310.0  2.9   299.9  3.0   289.7  2.7   279.3  3.1   269.1  2.9   260.1  1.9   254.6  2.1   244.8  3.1   238.6  1.2   239.0  0.9   239.6  1.1   237.8  0.4   235.7  1.5   234.0  0.6   232.2  0.4   229.6  0.8   228.1  0.2   227.6  0.2   224.1  1.2   220.4  1.1   219.8  0.7   220.4  0.4   216.4  1.1   212.0  1.9   206.4  1.1   201.3  1.1   196.1  1.2  
   2074      1.130   0.1160      73       -35.12     349.2  2.5   340.8  2.5   330.9  2.7   321.7  2.6   311.4  2.8   301.7  3.0   291.2  2.9   280.7  3.1   270.8  3.0   260.6  2.4   252.5  0.1   253.2  1.4   256.3  1.2   251.3  1.2   247.6  1.4   243.5  1.1   240.6  0.5   238.0  0.9   235.1  0.9   231.9  0.9   228.0  1.4   224.8  0.6   221.7  1.2   219.8  0.2   219.1  0.7   215.1  1.5   210.3  0.8   207.8  1.1   204.7  0.4   203.4  0.2   200.8  1.3  
   2300      1.220   0.1170      71       -48.49     348.6  2.1   340.4  2.7   331.0  2.6   321.2  2.9   311.2  2.8   301.2  2.9   290.8  3.1   280.2  3.0   269.8  3.0   259.6  2.9   249.0  3.0   242.2  0.3   239.6  0.9   235.2  1.0   236.3  1.5   236.2  0.9   233.3  0.7   228.4  1.4   223.1  1.3   218.1  1.2   219.3  1.3   222.1  0.1   221.4  0.4   218.7  0.5   216.9  0.2   218.7  0.9   217.4  0.5   213.7  0.8   209.0  1.9   203.0  1.0   199.9  nan  
   2452      0.770   0.0620      73       -22.11     350.2  2.7   341.2  2.6   331.9  2.7   322.9  2.8   312.9  2.8   302.7  2.8   293.7  2.4   282.8  1.7   278.8  1.3   275.1  1.3   268.9  1.5   264.0  2.2   257.8  1.7   252.8  0.6   250.9  0.4   249.0  1.5   245.7  0.5   242.1  1.9   237.6  1.6   233.9  0.5   229.7  2.0   223.4  0.5   220.4  0.8   219.4  0.6   217.3  0.3   216.6  0.4   214.1  0.8   209.9  1.4   205.6  1.0   204.1  0.2   204.1  0.4  
   2453      0.760   0.0850      73       -26.68     349.0  2.5   340.7  2.4   331.7  2.8   322.3  2.8   312.3  2.7   302.7  2.9   293.6  2.6   286.4  1.7   281.9  0.5   276.0  2.7   266.5  2.4   257.8  2.0   252.4  0.7   250.4  0.4   248.2  0.5   248.2  0.6   246.1  0.6   246.6  1.2   242.0  1.3   236.7  1.6   231.8  1.2   228.5  0.5   224.7  1.7   219.3  1.1   213.8  1.1   211.4  0.3   210.4  0.2   208.0  0.9   206.6  0.1   204.9  0.8   202.6  0.5  
   2454      0.940   0.0820      73       -31.10     348.7  2.6   339.9  2.5   330.8  3.0   321.6  2.7   311.5  3.0   301.3  2.7   291.9  1.9   287.8  1.0   282.2  1.6   277.0  2.4   269.4  2.1   262.3  2.1   256.1  1.3   252.5  1.4   248.6  0.7   245.1  0.9   243.8  0.2   241.3  1.0   239.5  1.0   237.2  0.8   233.6  1.6   228.4  1.1   223.5  1.4   220.4  0.5   217.3  1.0   215.3  0.2   213.2  0.9   210.3  0.7   207.1  1.1   202.9  1.1   199.6  0.6  
   2456      0.740   0.0610      73       -39.69     347.7  2.6   339.2  2.5   329.7  2.7   319.7  2.8   310.3  2.9   300.3  2.8   290.7  2.7   281.8  1.7   278.4  1.7   271.3  2.2   263.8  1.8   257.2  1.8   251.0  1.8   246.9  0.2   243.8  1.6   241.2  0.6   239.6  0.2   241.5  0.4   239.0  1.9   234.5  0.5   228.8  1.9   224.4  0.9   219.9  0.6   217.7  1.2   213.4  0.7   213.3  0.3   211.0  0.6   208.9  0.7   207.7  0.2   208.4  0.3   207.0  0.2  
   2460      1.060   0.1000      71       -56.03     341.8  2.1   334.4  2.2   326.4  2.6   315.6  2.8   306.1  2.6   296.9  2.6   286.0  2.8   277.3  2.7   268.8  2.5   262.9  1.8   255.9  2.2   248.7  2.6   239.5  2.5   234.5  0.7   230.3  1.4   227.0  1.1   223.3  0.6   225.2  0.5   228.4  0.8   229.0  0.5   232.8  1.7   234.8  0.1   233.7  0.3   232.2  0.9   230.7  0.2   228.2  0.6   225.0  0.8   223.1  0.9   218.4  1.0   214.2  1.5   208.8  1.4  
   2630      1.000   0.1000      71       -47.55     349.4  2.3   340.4  2.8   330.7  2.7   320.7  2.9   310.2  3.0   300.3  2.8   290.3  3.0   280.0  3.0   269.9  2.8   260.2  2.9   252.8  1.8   245.7  2.2   237.3  2.7   227.4  2.0   223.0  0.4   224.6  0.4   225.2  0.4   226.9  0.9   227.6  0.2   228.7  0.3   229.9  0.7   228.4  1.9   223.2  0.4   223.2  0.3   223.2  0.3   222.3  0.3   220.5  0.2   222.5  1.0   222.8  nan   215.7  2.2   208.6  nan  
   2638      1.090   0.0750      73       -24.93     352.9  2.6   343.8  2.7   334.1  2.8   324.6  2.7   315.3  2.8   305.4  3.0   295.4  2.9   285.1  2.4   279.3  2.0   272.1  2.1   265.4  1.4   258.9  1.6   254.9  1.1   250.9  1.7   247.4  0.7   246.6  0.4   244.0  1.1   240.7  1.1   237.7  0.4   236.2  0.6   233.6  0.4   232.2  0.7   229.5  0.6   227.2  0.4   227.3  0.4   223.2  1.7   218.1  1.1   212.0  1.7   204.5  1.8   197.2  1.8   190.0  1.8  
   2776      1.100   0.1640      65       -83.80     311.5  3.0   302.2  2.7   293.7  2.2   281.7  2.1   273.2  3.3   263.8  2.9   255.2  1.9   244.4  2.4   235.0  2.9   225.5  0.4   226.5  0.8   230.7  1.3   231.6  1.1   232.7  0.3   232.8  0.5   232.4  0.5   235.1  0.4   233.5  0.7   232.4  0.2   231.3  0.3   232.0  1.3   233.9  0.7   235.3  0.2   230.6  1.8   228.1  0.3   225.0  1.8   221.1  0.1   220.6  0.2   218.1  1.4   216.8  0.1   215.4  0.2  
   2777      1.020   0.0890      65       -81.73     313.5  2.4   301.5  1.8   292.8  2.9   283.3  2.8   272.0  2.7   263.0  3.1   252.9  2.5   240.2  2.8   232.1  2.5   221.3  0.1   229.3  2.3   235.5  1.2   236.8  0.8   238.3  0.3   237.6  0.5   237.4  0.9   235.4  1.8   232.2  0.4   233.7  2.3   236.5  0.3   236.0  0.4   233.8  0.5   235.9  0.4   233.7  1.4   230.9  0.4   230.0  0.4   228.4  0.7   225.8  0.4   223.5  1.1   218.2  1.1   215.4  0.9  
   2778      0.870   0.0720      65       -79.57     314.2  1.7   305.2  2.6   296.3  3.0   286.3  2.7   278.0  2.3   266.4  2.9   256.7  2.8   248.4  2.3   238.1  1.7   233.4  1.5   229.3  0.9   222.2  0.2   221.6  1.7   229.6  1.9   231.3  0.8   236.1  2.1   238.7  1.0   236.9  0.2   236.5  0.4   236.4  0.2   236.8  0.4   233.9  1.1   233.5  0.8   233.9  0.6   235.5  0.8   236.2  1.0   232.1  1.1   223.5  1.4   218.0  1.5   211.5  1.8   208.6  1.2  
   2779      0.950   0.0730      65       -77.41     316.4  2.5   307.4  3.0   297.9  2.6   288.3  3.2   279.2  2.7   269.8  2.3   260.9  2.5   250.4  2.9   240.3  3.1   230.4  3.1   221.1  0.8   223.3  1.4   227.2  0.9   230.1  0.6   231.0  0.6   230.5  0.2   230.2  0.9   236.5  3.8   242.0  0.5   239.4  1.8   234.5  1.5   230.5  0.9   229.9  0.5   230.8  0.3   230.3  0.4   229.7  0.1   229.1  0.7   221.6  2.8   215.3  0.2   216.7  0.4   213.8  1.3  
   2780      1.020   0.0830      65       -75.28     316.2  3.0   306.7  2.8   295.8  3.2   287.2  2.8   276.1  2.9   266.6  3.0   255.7  3.1   245.8  2.4   238.0  2.3   230.8  0.7   229.1  0.4   228.6  0.6   232.9  2.1   234.9  0.7   232.2  1.5   233.7  2.2   239.3  1.5   236.8  2.9   231.4  0.8   233.7  0.7   229.9  0.3   233.2  2.1   237.5  0.6   237.0  0.7   234.7  0.3   234.8  0.3   234.8  0.7   228.9  1.5   225.6  1.6   219.0  1.5   214.1  1.0  
   2781      1.270   0.3230      65       -73.19     322.2  2.6   312.3  2.1   305.7  2.6   296.0  2.2   289.4  2.1   280.6  3.0   269.7  3.1   260.1  3.0   252.3  2.5   243.0  3.1   231.3  3.8   221.5  3.1   213.4  1.1   215.4  3.0   224.9  1.4   224.8  0.5   227.2  2.6   233.0  1.4   236.6  0.8   235.2  0.5   234.8  0.8   234.2  0.6   234.6  0.4   233.2  0.4   231.8  1.3   227.7  0.2   226.3  0.6   224.5  0.8   221.6  0.4   222.4  0.3   220.8  0.7  
   2782      1.090   0.4080      65       -71.17     315.2  2.4   307.6  2.4   297.1  2.7   288.0  2.8   277.7  2.5   269.1  2.5   259.9  2.6   249.6  2.2   242.7  1.1   240.1  0.3   238.2  1.7   229.9  2.9   229.4  1.8   234.5  2.6   238.0  0.6   237.2  0.5   241.4  1.9   239.6  1.5   235.9  0.4   235.6  0.3   236.1  0.3   236.1  0.2   235.0  0.5   232.6  0.9   230.6  0.1   228.7  1.3   224.4  1.5   218.0  1.4   215.0  0.2   212.5  1.1   208.6  0.8  
   2783      1.010   0.0680      65       -69.18     329.6  2.6   321.8  2.3   313.7  2.4   304.6  2.5   295.3  2.0   285.7  2.8   276.7  2.1   270.0  2.5   260.9  2.8   249.8  3.2   238.9  3.3   228.3  3.0   218.5  2.3   213.5  0.6   212.4  0.5   219.3  3.1   223.4  0.5   227.2  1.9   231.2  1.0   229.7  0.3   232.1  0.6   232.3  0.9   233.6  0.3   229.3  1.3   227.2  0.5   229.1  1.0   232.8  0.4   231.7  0.8   227.6  1.3   223.1  1.5   216.3  1.5  
   2784      1.050   0.0780      65       -67.28     328.4  2.9   319.2  2.1   313.4  2.1   305.4  2.9   297.4  2.8   287.7  2.6   278.3  2.9   267.2  3.2   257.6  2.6   246.7  3.2   236.2  2.8   230.2  1.6   223.3  2.7   214.1  3.4   206.3  1.0   217.9  3.4   223.3  1.3   226.6  1.0   230.9  1.2   231.5  0.7   231.7  0.3   234.5  1.2   235.7  0.5   236.9  0.2   236.6  0.1   236.3  0.1   235.1  1.2   229.7  1.2   227.0  0.2   225.3  0.7   221.1  1.4  
   2785      1.070   0.2310      65       -65.45     334.9  2.4   326.7  2.1   319.7  1.9   309.9  1.9   301.6  2.9   291.1  3.0   282.0  2.9   270.5  2.5   261.1  2.8   251.4  2.9   241.0  3.2   231.8  3.0   221.7  3.0   214.8  0.6   210.6  2.0   209.4  1.4   225.0  3.2   228.6  0.8   225.1  0.3   223.7  1.2   232.1  1.9   233.9  0.6   232.4  1.2   228.2  1.0   223.1  1.1   219.9  1.3   219.4  0.6   215.7  0.9   215.9  1.2   223.7  1.7   221.8  1.2  
   2786      0.950   0.0730      65       -63.70     333.3  2.2   326.2  1.9   318.8  2.1   310.5  3.2   300.6  2.7   291.0  2.4   281.4  2.5   271.7  3.0   261.6  3.2   251.0  2.9   241.4  3.0   230.7  1.8   227.1  1.7   220.8  0.7   225.0  1.8   224.1  1.5   223.3  0.4   229.0  2.0   233.2  0.4   233.3  0.3   233.4  0.5   233.8  0.3   234.1  0.6   232.0  0.9   230.5  0.3   227.5  1.1   224.5  0.2   223.2  1.6   218.2  0.3   215.3  1.5   211.6  0.6  
   2787      1.070   0.1320      65       -62.06     331.2  1.7   322.2  2.1   313.9  2.6   304.9  2.6   294.2  2.9   285.2  2.6   277.4  1.9   270.9  2.7   261.2  3.0   251.5  2.1   241.4  0.4   236.5  2.5   230.9  1.5   231.0  0.7   227.3  1.9   226.3  1.6   229.9  0.8   225.8  1.4   222.3  0.9   222.3  1.1   223.4  0.4   227.2  2.6   235.0  1.6   236.1  0.6   235.6  0.4   236.8  0.4   233.7  0.4   235.2  1.2   228.4  1.9   219.5  2.4   209.9  2.8  
   2790      1.320   0.1710      71       -57.63     341.6  2.8   331.9  2.6   323.7  2.0   315.6  2.7   305.3  2.8   295.2  3.1   284.9  3.3   274.7  3.0   263.8  3.0   253.6  2.8   243.7  2.7   239.4  1.2   238.7  1.9   231.2  2.1   225.8  1.8   220.8  0.5   221.0  0.2   223.7  1.3   225.9  0.5   223.4  0.7   226.5  0.8   228.0  0.8   231.1  0.7   232.7  0.5   231.4  1.3   228.3  1.3   221.3  1.9   214.6  1.7   210.6  0.4   209.0  0.6   205.4  1.4  
   2792      1.010   0.3770      71       -55.23     341.0  2.1   333.4  2.2   324.4  2.8   314.9  2.9   305.0  2.9   295.4  3.0   284.6  3.0   274.1  3.0   263.3  3.0   253.1  3.1   245.1  2.4   240.5  0.3   237.7  0.7   236.8  1.1   236.6  1.2   237.0  0.7   234.8  1.4   235.0  1.1   235.6  0.3   232.3  1.2   228.1  1.1   224.3  1.5   219.2  0.5   216.5  0.9   214.9  0.4   215.2  0.3   215.6  0.1   214.3  1.0   212.5  0.2   212.3  0.3   209.8  0.8  
   2793      0.950   0.1240      71       -54.16     343.4  2.5   334.3  2.6   325.0  2.9   314.8  2.7   305.2  3.0   295.6  3.2   285.8  3.0   274.8  2.7   265.0  2.9   252.9  3.4   242.5  3.6   234.1  1.5   228.8  1.0   226.0  0.6   227.5  0.7   224.2  2.2   224.2  1.8   228.7  0.8   229.5  0.5   229.0  0.6   227.0  0.4   229.0  0.7   231.8  0.6   233.0  0.8   229.6  1.3   224.6  1.2   223.7  0.2   222.2  0.9   217.7  1.2   213.6  0.9   210.5  1.0  
   2794      1.140   0.0860      71       -53.23     338.4  2.0   330.9  2.1   323.2  2.4   313.6  2.8   304.8  2.7   294.3  2.7   285.2  3.1   274.7  3.0   265.3  2.9   255.4  2.8   250.7  1.5   244.7  2.0   239.4  1.3   235.8  0.5   230.4  2.6   221.4  1.8   218.2  0.5   219.9  1.1   223.9  2.0   228.2  0.4   228.0  0.9   226.2  0.1   225.9  0.3   224.4  0.4   225.5  0.3   225.2  0.4   224.8  1.1   227.5  0.3   224.2  1.4   218.8  1.2   215.2  0.7  
   2795      1.160   0.1010      71       -52.47     344.3  2.4   334.4  2.8   324.7  2.8   314.8  2.7   305.1  2.7   295.1  2.8   285.2  3.0   275.4  2.8   265.6  3.0   254.8  2.8   246.5  2.4   241.0  1.0   238.7  1.1   233.8  1.0   236.8  1.4   239.3  0.3   237.0  1.1   234.3  0.5   231.8  1.4   226.2  0.9   224.2  0.3   223.5  1.4   218.9  0.7   219.6  0.7   216.0  0.9   217.3  0.6   215.1  1.8   208.5  1.2   205.1  0.6   204.7  0.5   205.4  0.4  
   2796      1.190   0.0950      71       -51.79     343.2  2.8   333.6  2.5   324.0  2.8   314.4  3.1   304.7  2.9   294.6  2.9   284.7  2.8   274.8  3.0   264.3  2.8   254.3  2.9   245.7  1.8   242.9  1.0   241.5  1.4   237.2  1.3   233.1  0.8   231.4  0.5   234.4  2.2   237.1  0.3   234.1  1.1   231.7  0.3   231.2  0.2   229.9  0.8   227.4  1.0   222.3  1.1   218.8  0.7   217.6  0.2   217.1  0.2   217.1  0.0   216.0  0.9   211.0  1.2   206.0  1.5  
   2797      1.140   0.1080      71       -51.25     342.5  2.2   334.7  2.1   326.3  2.5   317.0  2.7   306.8  2.7   297.0  2.8   286.6  3.2   276.2  3.0   265.8  3.0   255.9  2.6   249.5  1.6   244.8  2.2   239.6  0.6   238.1  0.2   237.5  1.4   231.7  0.7   228.5  1.3   227.6  1.1   223.5  0.3   223.7  0.6   225.5  0.3   223.2  0.6   224.5  1.1   225.1  0.4   223.9  0.4   221.2  0.5   221.3  0.4   219.9  0.3   218.7  1.1   215.7  0.2   214.4  1.6  
   2798      1.200   0.0900      71       -50.83     342.1  2.5   333.9  2.4   325.0  2.6   315.9  2.8   306.1  2.9   295.7  2.9   285.2  3.0   275.9  2.8   265.2  2.9   256.2  2.8   248.8  1.3   246.1  0.3   244.9  1.9   237.5  2.7   228.9  2.1   224.7  1.0   221.9  0.9   221.4  0.5   223.9  0.8   225.3  0.3   223.4  0.9   222.3  0.7   223.3  0.2   221.9  1.0   224.7  0.4   223.0  1.0   222.2  0.8   219.4  2.1   221.8  1.8   220.1  1.2   215.7  1.0  
   2802      0.980   0.0910      71       -50.55     344.7  2.2   336.1  2.6   327.3  2.5   318.0  2.4   309.2  2.6   298.8  2.7   287.6  2.3   278.5  3.1   268.5  2.4   257.8  1.0   253.5  1.9   246.7  1.0   242.4  1.6   236.7  0.8   234.5  0.6   232.7  2.0   224.9  2.7   223.0  1.1   226.6  0.5   225.8  0.6   221.8  1.1   219.0  0.8   216.2  0.4   215.2  0.4   214.4  0.6   213.2  0.3   212.6  0.3   212.1  0.5   211.5  0.7   209.3  0.6   207.6  0.4  
   2803      1.150   0.1280      71       -50.84     342.1  1.3   336.1  2.3   326.8  2.8   317.3  2.8   306.8  2.9   295.9  2.7   286.7  2.8   277.1  2.9   265.9  3.2   257.0  2.5   248.0  1.0   244.8  1.7   238.4  1.5   235.2  0.9   233.0  0.2   232.4  1.5   229.0  0.5   228.8  0.7   230.1  0.3   230.1  0.1   229.3  1.1   227.6  0.1   228.2  0.2   227.7  0.2   226.1  1.6   222.0  0.3   220.8  0.8   217.6  1.2   213.8  0.5   211.7  1.0   207.0  1.3  
   2804      1.090   0.0910      71       -51.27     344.9  1.6   337.2  2.7   328.2  2.8   317.8  2.8   308.2  2.8   297.7  3.1   288.0  3.2   276.8  3.1   266.8  2.9   257.8  2.9   251.9  0.7   248.0  0.8   244.7  1.0   241.4  1.1   236.6  1.0   233.9  1.4   228.1  1.2   231.0  0.5   232.1  0.7   229.5  0.3   227.3  1.3   224.2  0.6   220.8  1.2   215.4  1.4   213.1  0.2   214.7  0.8   217.7  0.5   217.6  0.1   217.1  0.2   217.2  0.2   214.8  1.0  
   2805      1.150   0.1040      71       -51.83     344.2  1.2   336.6  2.6   326.3  2.8   316.7  3.0   306.6  3.1   297.1  2.6   286.6  2.9   277.0  3.1   267.4  2.8   256.5  2.7   248.0  2.2   244.8  1.7   237.5  1.5   235.6  0.9   234.9  0.8   230.3  2.1   224.3  0.7   223.1  1.2   219.1  0.4   220.0  0.9   222.2  0.4   222.6  0.3   224.7  1.0   224.9  0.5   223.8  0.5   223.8  0.4   222.5  0.9   218.2  0.9   212.4  1.2   212.8  0.3   209.9  1.0  
   2806      1.160   0.0950      71       -52.52     341.9  2.1   331.6  3.0   322.4  2.6   314.8  2.1   306.3  2.7   297.2  2.7   287.7  2.6   277.3  2.9   267.4  3.0   257.0  2.8   246.6  2.6   237.8  0.5   236.1  0.5   235.8  1.1   232.2  0.9   227.6  2.0   225.7  0.8   226.4  0.3   225.8  0.6   224.5  0.3   224.9  0.5   227.2  0.4   227.6  0.3   226.3  0.3   227.0  0.5   224.0  0.7   224.4  0.6   221.6  0.8   218.0  1.2   213.8  1.0   214.1  1.1  
   2807      1.070   0.1060      71       -53.34     343.7  2.2   335.8  1.8   327.7  2.8   317.5  2.8   307.4  2.9   297.2  3.2   286.9  3.0   276.8  2.9   266.6  3.1   257.2  2.8   248.6  2.4   241.9  2.0   234.9  1.5   234.7  0.8   231.1  0.6   227.0  0.7   225.4  0.2   225.9  0.3   222.9  1.9   218.5  0.5   221.8  1.3   223.7  0.5   226.2  0.8   225.4  0.6   224.6  1.0   220.5  1.0   216.8  1.3   214.2  1.7   218.4  0.2   218.4  0.1   216.2  0.9  
   2808      1.110   0.0930      71       -54.29     340.1  1.5   334.9  1.8   326.5  2.9   316.3  2.8   306.5  2.7   297.2  2.9   286.6  2.9   276.8  3.2   266.8  3.3   256.6  3.0   246.5  2.4   241.7  0.6   240.5  1.6   235.0  1.2   232.5  0.3   228.8  1.4   226.9  0.9   225.2  1.1   227.1  0.3   229.3  0.7   229.7  0.3   229.1  0.4   227.7  0.1   227.8  0.2   226.1  0.8   223.2  0.4   219.8  1.0   215.3  1.0   212.9  0.3   211.8  1.1   207.7  0.9  
   2809      1.170   0.1080      71       -55.37     341.6  1.8   334.0  2.5   325.1  2.4   316.8  2.7   307.2  2.7   297.3  3.0   286.6  3.1   276.1  2.9   265.9  3.0   258.5  2.3   252.9  2.3   245.5  1.0   242.6  0.9   240.0  1.4   233.5  2.3   232.1  0.6   227.0  1.6   224.9  0.4   224.7  0.3   224.5  0.4   224.7  0.5   225.7  0.2   223.4  1.3   220.7  0.7   221.2  0.8   222.5  0.3   220.4  0.4   219.5  0.9   218.3  0.5   219.1  0.4   214.3  1.7  
   2810      1.080   0.1120      71       -56.57     338.0  1.9   330.9  2.3   322.2  2.5   311.4  2.9   301.0  3.0   292.5  2.0   284.0  2.9   273.8  3.1   263.9  3.0   253.7  2.9   245.8  2.3   241.0  0.8   237.0  1.3   232.4  1.3   227.4  1.2   225.6  0.5   228.3  0.8   227.4  0.2   226.3  0.7   225.4  0.9   229.6  1.6   234.8  1.3   236.1  0.7   232.2  0.7   231.2  1.3   223.6  1.9   220.9  0.5   219.9  0.5   225.4  2.4   227.1  0.5   223.8  1.3  
   2811      0.980   0.1070      71       -57.88     335.1  1.5   329.1  2.3   321.6  2.2   312.2  3.0   302.4  2.7   293.2  2.6   283.5  2.7   272.8  2.9   263.1  3.1   252.8  2.8   241.3  2.6   234.4  2.1   227.5  1.5   229.4  1.3   228.9  0.8   227.2  0.9   225.3  1.4   223.1  0.8   223.7  0.6   225.2  1.4   228.0  0.7   228.9  0.5   229.8  0.1   228.5  1.2   226.0  0.8   225.7  1.1   221.7  1.4   216.8  1.1   211.2  0.8   210.7  0.2   210.4  0.1  
