
File produced by vmc_phase_angle_analysis.pro  (v20151021)

   ID    pa(˚) d_pa(˚)  B   dB   ia(˚) d_ia(˚)  ea(˚) d_ea()
C_END
    272    90.91  1.2814   0.654  0.0299   63.93  17.47   44.93  19.63
    272    90.89  1.2818   0.653  0.0286   63.92  17.47   44.93  19.63
    272    90.86  1.2822   0.652  0.0290   63.91  17.48   44.93  19.64
    272    90.21  1.2893   0.653  0.0221   63.65  17.60   44.78  19.68
    272    90.19  1.2895   0.655  0.0209   63.64  17.61   44.78  19.68
    272    90.16  1.2896   0.649  0.0218   63.62  17.61   44.79  19.68
