
File produced by vmc_phase_angle_analysis.pro  (v20151021)

   ID    pa(˚) d_pa(˚)  B   dB   ia(˚) d_ia(˚)  ea(˚) d_ea()
C_END
    965    93.19  1.3412   0.945  0.0285   64.69  17.03   45.71  19.29
    965    93.14  1.3694   0.956  0.0265   64.73  17.02   45.63  19.34
    965    93.10  1.4075   0.969  0.0260   64.72  17.00   45.62  19.35
    965    93.06  1.4526   0.980  0.0268   64.73  16.98   45.61  19.35
    965    93.03  1.5073   0.993  0.0265   64.74  16.97   45.61  19.36
    965    93.01  1.5722   1.004  0.0284   64.77  16.93   45.59  19.36
    965    92.99  1.6523   1.008  0.0288   64.86  16.90   45.55  19.36
    965    92.98  1.7509   1.015  0.0305   64.97  16.85   45.44  19.44
    965    92.99  1.8072   1.014  0.0303   64.98  16.83   45.43  19.44
    965    93.01  1.8698   1.011  0.0339   65.00  16.79   45.45  19.45
    965    93.03  1.9401   1.008  0.0357   65.04  16.74   45.45  19.46
    965    93.04  2.0240   1.011  0.0344   65.24  16.68   45.34  19.48
    965    93.08  2.1159   1.012  0.0337   65.27  16.63   45.37  19.49
    965    93.12  2.2259   0.998  0.0353   65.40  16.57   45.28  19.54
    965    93.16  2.3087   0.989  0.0357   65.47  16.53   45.28  19.53
    965    93.21  2.3985   0.976  0.0350   65.52  16.46   45.28  19.51
    965    93.33  2.4770   0.965  0.0341   65.28  16.27   44.38  19.25
    965    93.44  2.5927   0.944  0.0298   65.14  16.22   43.89  19.12
    965    94.02  1.2310   0.889  0.0325   64.89  16.94   46.02  19.18
    965    93.95  1.2241   0.882  0.0383   64.86  16.93   46.00  19.16
    965    93.88  1.2208   0.873  0.0419   64.81  16.96   46.01  19.16
    965    93.82  1.2197   0.865  0.0474   64.79  16.96   46.02  19.17
