
File produced by vmc_phase_angle_analysis.pro  (v20151021)

   ID    pa(˚) d_pa(˚)  B   dB   ia(˚) d_ia(˚)  ea(˚) d_ea()
C_END
    973    94.20  1.2156   0.530  0.3611   64.91  16.87   46.11  19.10
    973    94.39  1.2173   0.500  0.3519   65.00  16.85   46.19  19.08
    973    94.60  1.2227   0.441  0.3513   65.02  16.83   46.28  19.05
    973    94.80  1.2295   0.377  0.3303   65.15  16.76   46.33  19.01
    973    95.03  1.2407   0.283  0.2938   65.19  16.72   46.41  18.98
    973    95.26  1.2543   0.256  0.2553   65.33  16.66   46.46  18.95
