
File produced by vmc_phase_angle_analysis.pro  (v20151021)

   ID    pa(˚) d_pa(˚)  B   dB   ia(˚) d_ia(˚)  ea(˚) d_ea()
C_END
    643    85.86  1.4670   0.675  0.0585   62.35  18.32   43.46  20.13
    643    85.85  1.4676   0.677  0.0604   62.35  18.32   43.46  20.13
    643    84.92  1.5559   0.653  0.0539   62.10  18.43   43.22  20.18
    643    84.91  1.5568   0.655  0.0558   62.09  18.43   43.22  20.18
    643    83.92  1.6787   0.630  0.0483   61.84  18.54   42.95  20.22
    643    83.91  1.6799   0.632  0.0487   61.84  18.54   42.96  20.23
    643    82.81  1.8528   0.609  0.0432   61.59  18.65   42.68  20.27
    643    82.80  1.8544   0.610  0.0426   61.59  18.65   42.68  20.28
    643    81.56  2.1091   0.593  0.0388   61.31  18.76   42.41  20.29
    643    81.54  2.1116   0.594  0.0386   61.31  18.76   42.40  20.29
    643    80.05  2.5164   0.581  0.0378   61.12  18.81   42.06  20.28
    643    80.04  2.5212   0.582  0.0412   61.12  18.82   42.06  20.28
    643    78.67  3.0784   0.594  0.0390   57.76  17.74   40.47  19.74
    643    78.66  3.0850   0.592  0.0386   57.71  17.73   40.45  19.73
