
File produced by vmc_phase_angle_analysis.pro  (v20151021)

   ID    pa(˚) d_pa(˚)  B   dB   ia(˚) d_ia(˚)  ea(˚) d_ea()
C_END
    963    92.38  1.3984   0.995  0.0370   64.51  17.17   45.43  19.40
    963    92.25  1.4404   0.999  0.0304   64.48  17.16   45.35  19.47
    963    92.13  1.4880   1.010  0.0293   64.39  17.12   45.34  19.47
    963    91.99  1.5529   1.025  0.0274   64.47  17.15   45.19  19.52
    963    91.87  1.6251   1.039  0.0237   64.46  17.12   45.14  19.57
    963    91.78  1.6828   1.049  0.0235   64.49  17.11   45.10  19.58
    963    91.66  1.7829   1.061  0.0193   64.54  17.07   45.02  19.60
    963    91.59  1.8443   1.069  0.0205   64.60  17.06   44.93  19.65
    963    91.53  1.9104   1.063  0.0232   64.60  17.03   44.92  19.66
    963    91.47  1.9869   1.074  0.0226   64.65  17.01   44.86  19.68
    963    91.42  2.0733   1.083  0.0187   64.71  16.97   44.80  19.71
    963    91.36  2.1730   1.084  0.0221   64.77  16.94   44.75  19.75
    963    91.31  2.2871   1.093  0.0244   64.83  16.88   44.70  19.76
    963    91.28  2.3754   1.090  0.0266   64.88  16.85   44.66  19.79
    963    91.26  2.4725   1.084  0.0245   64.93  16.81   44.60  19.80
    963    91.31  2.5578   1.084  0.0265   64.58  16.60   43.61  19.52
    963    91.34  2.6821   1.081  0.0273   64.38  16.56   43.10  19.37
    963    91.39  2.8313   1.097  0.0350   64.18  16.54   42.43  19.23
    963    91.60  2.9654   1.062  0.0237   63.21  16.39   41.46  19.41
    963    94.26  1.2298   0.878  0.0703   64.95  16.85   46.15  19.09
    963    94.11  1.2237   0.876  0.0786   64.91  16.88   46.08  19.10
    963    93.96  1.2217   0.872  0.0865   64.86  16.95   46.02  19.17
    963    93.83  1.2201   0.854  0.0876   64.79  16.96   46.01  19.16
