
File produced by vmc_phase_angle_analysis.pro  (v20151021)

   ID    pa(˚) d_pa(˚)  B   dB   ia(˚) d_ia(˚)  ea(˚) d_ea()
C_END
    270    90.62  1.2865   0.663  0.0292   63.89  17.52   44.83  19.66
    270    90.59  1.2867   0.666  0.0295   63.87  17.53   44.83  19.66
    270    90.57  1.2865   0.660  0.0282   63.86  17.52   44.82  19.65
    270    89.86  1.2962   0.673  0.0299   63.65  17.65   44.57  19.78
    270    89.83  1.2966   0.672  0.0311   63.65  17.65   44.56  19.78
    270    89.81  1.2965   0.682  0.0287   63.65  17.64   44.54  19.76
