
File produced by vmc_phase_angle_analysis.pro  (v20151021)

   ID    pa(˚) d_pa(˚)  B   dB   ia(˚) d_ia(˚)  ea(˚) d_ea()
C_END
    955    85.14  2.2421   0.937  0.1125   62.62  18.08   43.11  20.23
    955    84.75  2.3569   0.936  0.1004   62.56  18.09   43.01  20.25
    955    84.33  2.4912   0.945  0.0851   62.50  18.11   42.89  20.27
    955    83.94  2.6764   0.950  0.0745   61.87  18.22   41.33  19.79
    955    83.63  2.8031   0.964  0.0676   61.79  18.24   41.11  19.78
    955    83.30  2.9472   0.987  0.0633   61.71  18.28   40.90  19.78
    955    82.93  3.1065   1.004  0.0493   61.73  18.28   40.55  19.65
    955    82.54  3.2871   1.018  0.0414   61.75  18.25   40.10  19.45
    955    81.93  3.3354   1.043  0.0551   63.03  16.56   37.96  18.21
    955    81.19  3.4184   1.086  0.0579   64.42  15.41   35.65  17.38
    955    80.35  3.5078   1.134  0.0605   65.89  14.29   33.68  17.00
    955    79.40  3.6192   1.203  0.0688   67.34  13.22   32.37  17.22
    955    78.33  3.7627   1.290  0.0715   68.79  12.21   32.09  17.99
    955    77.13  3.9543   1.425  0.0855   70.19  11.24   33.34  18.91
    955    75.86  4.2174   1.691  0.1431   71.34  10.29   36.63  18.54
