
File produced by vmc_phase_angle_analysis.pro  (v20151021)

   ID    pa(˚) d_pa(˚)  B   dB   ia(˚) d_ia(˚)  ea(˚) d_ea()
C_END
    260    89.25  1.3126   1.035  0.0312   63.30  17.78   44.49  19.79
    260    89.22  1.3127   1.038  0.0307   63.28  17.78   44.49  19.79
    260    89.19  1.3128   1.037  0.0279   63.26  17.78   44.49  19.79
    260    88.25  1.3278   1.018  0.0371   62.98  17.96   44.19  19.92
    260    88.21  1.3281   1.026  0.0351   62.97  17.96   44.18  19.92
    260    88.18  1.3285   1.030  0.0317   62.96  17.97   44.18  19.92
