
File produced by vmc_phase_angle_analysis.pro  (v20151021)

   ID    pa(˚) d_pa(˚)  B   dB   ia(˚) d_ia(˚)  ea(˚) d_ea()
C_END
    967    93.79  1.2575   0.974  0.0617   64.81  16.93   45.97  19.16
    967    93.84  1.3277   0.985  0.0485   64.88  16.91   45.95  19.21
    967    93.86  1.3535   0.987  0.0523   64.92  16.88   45.93  19.21
    967    93.90  1.3908   0.989  0.0551   64.97  16.86   45.91  19.22
    967    93.95  1.4347   0.993  0.0590   65.05  16.83   45.88  19.23
    967    94.01  1.4855   0.991  0.0610   65.05  16.80   45.96  19.19
    967    94.09  1.5471   0.981  0.0582   65.12  16.74   45.96  19.20
    967    94.19  1.6226   0.975  0.0519   65.23  16.68   45.94  19.22
    967    94.31  1.7148   0.969  0.0568   65.36  16.61   45.93  19.22
    967    94.39  1.7680   0.953  0.0567   65.39  16.57   45.97  19.20
    967    94.47  1.8284   0.944  0.0535   65.46  16.53   45.98  19.22
    967    94.56  1.8971   0.934  0.0461   65.56  16.48   45.96  19.23
    967    94.66  1.9727   0.933  0.0398   65.71  16.39   45.94  19.22
    967    94.78  2.0627   0.911  0.0445   65.82  16.34   45.93  19.25
    967    93.86  1.2323   0.759  0.0850   64.83  16.95   45.95  19.18
    967    93.86  1.2240   0.760  0.0846   64.83  16.95   46.01  19.15
    967    93.86  1.2213   0.763  0.0852   64.82  16.95   45.96  19.18
