
File produced by vmc_phase_angle_analysis.pro  (v20151021)

   ID    pa(˚) d_pa(˚)  B   dB   ia(˚) d_ia(˚)  ea(˚) d_ea()
C_END
    268    90.34  1.2918   0.777  0.0571   63.73  17.57   44.78  19.68
    268    90.31  1.2919   0.780  0.0571   63.71  17.57   44.78  19.68
    268    90.29  1.2921   0.768  0.0518   63.70  17.57   44.79  19.69
    268    89.52  1.3037   0.787  0.0686   63.46  17.74   44.53  19.80
    268    89.50  1.3042   0.789  0.0688   63.45  17.75   44.53  19.80
    268    89.47  1.3043   0.769  0.0599   63.44  17.75   44.52  19.80
