
File produced by vmc_phase_angle_analysis.pro  (v20151021)

   ID    pa(˚) d_pa(˚)  B   dB   ia(˚) d_ia(˚)  ea(˚) d_ea()
C_END
    422    76.45  2.5732   0.530  0.0243   59.90  19.37   41.60  20.18
    422    75.89  2.7159   0.532  0.0228   59.79  19.40   41.54  20.15
    422    75.29  2.8819   0.529  0.0190   59.66  19.43   41.49  20.11
    422    74.87  3.0090   0.528  0.0189   59.58  19.44   41.45  20.08
    422    74.68  2.9844   0.617  0.0312   55.07  17.72   40.78  19.85
    422    74.37  3.1026   0.601  0.0297   54.05  17.45   40.39  19.72
    422    74.06  3.2434   0.587  0.0272   52.96  17.20   39.92  19.58
    422    74.50  3.0025   0.617  0.0342   48.36  15.51   41.33  19.37
    422    74.34  3.0955   0.605  0.0333   47.90  15.44   41.08  19.33
    422    74.19  3.1971   0.593  0.0324   47.43  15.37   40.79  19.28
    422    74.04  3.3084   0.581  0.0310   46.97  15.30   40.50  19.25
    422    73.89  3.4318   0.568  0.0288   46.49  15.25   40.19  19.22
    422    73.75  3.5675   0.556  0.0256   46.01  15.19   39.87  19.21
    422    73.62  3.7181   0.545  0.0226   45.53  15.13   39.55  19.21
    422    73.51  3.8856   0.534  0.0203   45.05  15.08   39.21  19.22
    422    73.41  4.0731   0.524  0.0162   44.58  15.02   38.87  19.25
    422    73.33  4.2806   0.516  0.0131   44.15  14.96   38.43  19.21
