
File produced by vmc_phase_angle_analysis.pro  (v20151021)

   ID    pa(˚) d_pa(˚)  B   dB   ia(˚) d_ia(˚)  ea(˚) d_ea()
C_END
    644    88.91  1.3119   0.814  0.0645   63.26  17.84   44.33  19.87
    644    88.90  1.3121   0.818  0.0685   63.26  17.85   44.33  19.87
    644    88.60  1.3188   0.804  0.0660   63.17  17.89   44.23  19.90
    644    88.28  1.3263   0.796  0.0678   63.10  17.91   44.12  19.91
    644    87.98  1.3369   0.787  0.0694   62.98  17.99   44.05  19.95
    644    87.97  1.3374   0.791  0.0726   62.97  18.00   44.05  19.96
    644    87.67  1.3486   0.782  0.0714   62.87  18.05   43.97  19.99
    644    87.36  1.3616   0.777  0.0731   62.78  18.09   43.89  20.02
    644    87.05  1.3763   0.771  0.0744   62.68  18.15   43.79  20.03
    644    87.04  1.3769   0.774  0.0773   62.67  18.15   43.79  20.03
    644    86.73  1.3923   0.765  0.0759   62.59  18.18   43.71  20.06
    644    86.42  1.4108   0.761  0.0779   62.49  18.23   43.61  20.07
    644    86.10  1.4313   0.757  0.0789   62.40  18.28   43.54  20.10
    644    86.09  1.4317   0.760  0.0815   62.40  18.27   43.53  20.09
    644    85.78  1.4534   0.753  0.0807   62.31  18.30   43.46  20.11
    644    85.45  1.4794   0.749  0.0817   62.20  18.37   43.39  20.15
    644    85.12  1.5071   0.746  0.0839   62.10  18.42   43.30  20.15
    644    85.11  1.5078   0.747  0.0854   62.10  18.42   43.30  20.15
    644    84.77  1.5397   0.743  0.0862   62.03  18.47   43.19  20.20
    644    84.43  1.5743   0.741  0.0879   61.93  18.51   43.09  20.21
    644    84.07  1.6129   0.738  0.0900   61.82  18.56   43.01  20.22
    644    84.06  1.6137   0.737  0.0902   61.83  18.56   43.00  20.21
    644    83.71  1.6550   0.736  0.0918   61.73  18.60   42.95  20.24
    644    83.33  1.7036   0.733  0.0936   61.64  18.64   42.84  20.26
    644    82.94  1.7574   0.729  0.0945   61.53  18.69   42.75  20.27
    644    82.93  1.7587   0.728  0.0939   61.53  18.69   42.75  20.26
    644    82.54  1.8170   0.726  0.0965   61.44  18.71   42.64  20.26
    644    82.12  1.8862   0.721  0.0997   61.33  18.77   42.57  20.28
    644    81.69  1.9672   0.715  0.1011   61.07  18.81   42.05  20.01
    644    81.67  1.9694   0.710  0.0987   61.07  18.81   42.02  19.99
    644    81.19  2.0575   0.707  0.1020   61.08  18.86   40.53  19.32
    644    80.64  2.1490   0.698  0.1030   61.35  18.73   39.04  18.99
