
File produced by vmc_phase_angle_analysis.pro  (v20151021)

   ID    pa(˚) d_pa(˚)  B   dB   ia(˚) d_ia(˚)  ea(˚) d_ea()
C_END
    969    94.06  1.2305   1.017  0.1238   64.83  16.92   46.12  19.13
    969    94.12  1.2410   1.000  0.0575   64.96  16.91   46.04  19.17
    969    94.20  1.2540   0.983  0.0520   64.92  16.89   46.12  19.14
    969    94.28  1.2690   0.993  0.0514   65.01  16.84   46.12  19.09
    969    94.35  1.2839   0.988  0.0555   65.06  16.80   46.14  19.10
    969    94.69  1.3742   0.961  0.0492   65.22  16.72   46.20  19.09
    969    95.02  1.4740   0.935  0.0496   65.40  16.62   46.28  19.08
    969    95.21  1.5333   0.919  0.0464   65.49  16.54   46.35  19.03
    969    95.39  1.5957   0.902  0.0466   65.60  16.47   46.40  19.00
    969    93.71  1.2339   0.931  0.0594   64.75  16.97   45.95  19.17
    969    93.77  1.2272   0.949  0.0555   64.84  16.98   45.92  19.21
    969    93.84  1.2215   0.951  0.0637   64.81  16.95   45.96  19.18
