
File produced by vmc_phase_angle_analysis.pro  (v20151021)

   ID    pa(˚) d_pa(˚)  B   dB   ia(˚) d_ia(˚)  ea(˚) d_ea()
C_END
    971    93.94  1.2194   0.916  0.0941   64.84  16.96   46.01  19.19
    971    94.06  1.2180   0.911  0.0832   64.85  16.93   46.09  19.10
    971    94.18  1.2206   0.888  0.0721   64.90  16.90   46.13  19.12
    971    94.31  1.2274   0.881  0.0710   64.97  16.89   46.14  19.14
    971    94.45  1.2353   0.891  0.0830   65.04  16.85   46.16  19.10
    971    94.60  1.2447   0.877  0.0781   65.08  16.77   46.26  19.02
    971    94.75  1.2610   0.864  0.0742   65.15  16.76   46.28  19.03
    971    94.92  1.2790   0.851  0.0707   65.21  16.70   46.35  18.98
    971    95.10  1.3031   0.839  0.0679   65.28  16.69   46.41  19.00
    971    95.30  1.3298   0.817  0.0626   65.36  16.62   46.48  18.94
    971    93.78  1.2225   0.692  0.0287   64.77  16.97   46.00  19.16
