
File produced by vmc_phase_angle_analysis.pro  (v20151021)

   ID    pa(˚) d_pa(˚)  B   dB   ia(˚) d_ia(˚)  ea(˚) d_ea()
C_END
   1901    89.93  1.3077   0.664  0.0659   63.53  17.65   44.71  19.72
   1901    91.01  1.3003   0.672  0.0681   63.93  17.47   44.98  19.62
   1901    92.13  1.2937   0.684  0.0705   64.26  17.27   45.39  19.45
   1901    93.28  1.2891   0.693  0.0730   64.63  17.04   45.81  19.25
   1901    94.48  1.2885   0.696  0.0782   65.00  16.80   46.24  19.06
   1901    95.73  1.2915   0.707  0.0803   65.45  16.56   46.64  18.89
   1901    97.05  1.2972   0.720  0.0833   65.86  16.32   47.17  18.67
   1901    98.44  1.3063   0.730  0.0860   66.34  16.04   47.67  18.43
   1901    99.72  1.1827   0.760  0.0825   69.95  12.95   45.15  16.61
   1901   101.23  1.1376   0.797  0.0634   71.69  11.71   44.52  15.94
   1901   105.25  1.3839   0.804  0.0824   68.60  14.65   50.45  17.11
   1901   107.43  1.4180   0.827  0.0827   69.32  14.17   51.40  16.65
   1901   109.92  1.4623   0.853  0.0842   70.13  13.66   52.52  16.14
   1901   112.84  1.5185   0.891  0.0911   71.11  13.03   53.86  15.51
   1901    52.86  4.3242   0.623  0.0469   53.86  19.62   35.81  14.50
