
File produced by vmc_phase_angle_analysis.pro  (v20151021)

   ID    pa(˚) d_pa(˚)  B   dB   ia(˚) d_ia(˚)  ea(˚) d_ea()
C_END
   1758    89.19  1.6083   0.667  0.0484   63.51  17.65   44.34  19.88
   1758    89.11  1.6438   0.666  0.0375   63.50  17.64   44.33  19.87
   1758    89.01  1.6847   0.664  0.0341   63.50  17.65   44.27  19.91
   1758    88.93  1.7264   0.667  0.0334   63.48  17.63   44.27  19.90
   1758    88.82  1.7740   0.646  0.0357   63.68  17.60   44.09  19.96
   1758    88.72  1.8264   0.646  0.0351   63.71  17.57   44.01  19.96
   1758    88.63  1.8860   0.649  0.0346   63.71  17.57   43.98  19.98
   1758    88.53  1.9524   0.650  0.0340   63.74  17.56   43.92  20.00
   1758    87.83  1.7219   0.678  0.0304   69.13  13.69   37.76  21.01
   1758    88.34  2.1106   0.657  0.0303   63.75  17.52   43.86  20.03
   1758    88.24  2.2078   0.660  0.0283   63.80  17.49   43.79  20.06
   1758    88.15  2.3183   0.664  0.0269   63.85  17.45   43.73  20.08
   1758    88.05  2.4472   0.667  0.0266   63.92  17.40   43.66  20.10
   1758    87.97  2.5983   0.675  0.0281   63.96  17.34   43.56  20.08
   1758    87.93  2.7828   0.684  0.0285   63.71  17.25   42.82  19.72
   1758    87.94  3.0241   0.697  0.0280   63.36  17.24   41.72  19.36
   1758    87.98  3.3386   0.718  0.0310   63.01  17.29   40.45  19.13
   1758    88.06  3.7470   0.758  0.0378   62.81  17.33   38.85  18.85
