
File produced by vmc_phase_angle_analysis.pro  (v20151021)

   ID    pa(˚) d_pa(˚)  B   dB   ia(˚) d_ia(˚)  ea(˚) d_ea()
C_END
   1191    93.67  1.2794   0.580  0.0153   64.86  16.92   45.88  19.17
   1191    93.66  1.3036   0.571  0.0176   64.75  16.95   45.94  19.18
   1191    93.65  1.3315   0.601  0.0165   64.75  16.96   45.95  19.21
   1191    93.64  1.3634   0.608  0.0244   64.91  16.91   45.65  19.02
   1191    93.62  1.4020   0.632  0.0240   65.11  16.88   45.31  18.86
   1191    93.65  1.4463   0.658  0.0279   64.98  16.84   45.80  19.22
   1191    93.57  1.4731   0.651  0.0259   66.34  16.11   43.64  18.18
   1191    93.52  1.4876   0.660  0.0289   67.41  15.15   42.51  17.75
   1191    93.40  1.4518   0.664  0.0287   69.26  13.52   40.39  17.12
   1191    93.34  1.4577   0.679  0.0294   70.45  12.53   39.06  16.92
   1191    93.93  1.8661   0.714  0.0293   65.32  16.61   45.76  19.31
   1191    94.07  2.0200   0.704  0.0256   65.53  16.48   45.73  19.31
   1191    94.27  2.2255   0.706  0.0250   65.75  16.34   45.72  19.34
   1191    94.40  2.3547   0.709  0.0237   65.89  16.25   45.70  19.35
   1191    94.63  2.4792   0.680  0.0228   65.64  16.02   44.67  18.98
   1191    94.92  2.6670   0.679  0.0225   65.45  15.96   43.85  18.73
   1191    95.38  2.8764   0.677  0.0232   64.73  15.84   42.61  18.82
   1191    95.85  3.1982   0.680  0.0241   64.69  15.82   41.61  18.73
   1191    96.45  3.6388   0.684  0.0249   64.82  15.80   40.44  18.79
