
File produced by vmc_phase_angle_analysis.pro  (v20151021)

   ID    pa(˚) d_pa(˚)  B   dB   ia(˚) d_ia(˚)  ea(˚) d_ea()
C_END
   1193    93.93  1.2375   0.629  0.0036   64.81  16.96   46.04  19.19
   1193    93.97  1.2495   0.674  0.0287   64.85  16.93   46.01  19.18
   1193    94.01  1.2627   0.711  0.0170   64.94  16.88   46.03  19.14
   1193    94.07  1.2833   0.695  0.0290   64.90  16.88   46.05  19.14
   1193    94.14  1.3083   0.711  0.0350   64.93  16.89   46.07  19.19
   1193    94.61  1.5042   0.780  0.0344   65.28  16.68   46.13  19.14
   1193    94.76  1.5693   0.793  0.0330   65.37  16.60   46.18  19.09
   1193    94.94  1.6522   0.797  0.0368   65.51  16.54   46.17  19.13
   1193    95.15  1.7511   0.807  0.0377   65.64  16.44   46.23  19.10
   1193    95.42  1.8764   0.810  0.0382   65.82  16.32   46.28  19.09
   1193    95.74  2.0372   0.788  0.0372   66.10  16.16   46.31  19.07
   1193    95.94  2.1369   0.791  0.0368   66.25  16.07   46.35  19.06
   1193    96.18  2.2534   0.791  0.0392   66.41  15.96   46.38  19.04
   1193    96.50  2.3618   0.761  0.0405   66.32  15.73   45.64  18.74
   1193    96.90  2.5214   0.760  0.0439   66.21  15.63   44.96  18.47
   1193    97.49  2.6966   0.757  0.0459   65.65  15.48   43.82  18.44
   1193    98.10  2.9700   0.758  0.0495   65.66  15.45   42.97  18.29
   1193    98.88  3.3385   0.761  0.0533   65.83  15.39   41.97  18.24
   1193    99.12  3.4583   0.763  0.0550   65.91  15.37   41.70  18.25
