
File produced by vmc_phase_angle_analysis.pro  (v20151021)

   ID    pa(˚) d_pa(˚)  B   dB   ia(˚) d_ia(˚)  ea(˚) d_ea()
C_END
   1201    93.69  1.2211   0.693  0.0126   64.82  16.98   45.89  19.22
   1201    94.61  1.2251   0.702  0.0178   65.03  16.83   46.24  19.07
   1201    94.93  1.2313   0.693  0.0170   65.11  16.76   46.42  19.02
   1201    95.26  1.2399   0.695  0.0174   65.34  16.67   46.47  18.94
   1201    95.61  1.2542   0.695  0.0190   65.52  16.59   46.33  18.68
   1201    95.98  1.2713   0.694  0.0229   65.77  16.50   46.25  18.50
   1201    98.02  1.4054   0.649  0.0355   66.32  16.04   47.45  18.50
   1201    98.29  1.4295   0.648  0.0389   66.42  15.99   47.55  18.46
   1201    98.58  1.4553   0.649  0.0410   66.52  15.93   47.66  18.41
   1201    98.89  1.4834   0.647  0.0422   66.65  15.84   47.76  18.37
   1201    99.21  1.5152   0.642  0.0446   66.79  15.77   47.86  18.33
   1201    99.55  1.5495   0.640  0.0458   66.91  15.68   48.01  18.27
   1201   100.31  1.6313   0.632  0.0508   67.23  15.49   48.26  18.16
   1201   100.74  1.6799   0.627  0.0517   67.41  15.39   48.40  18.10
   1201   101.20  1.7334   0.625  0.0542   67.59  15.26   48.58  18.00
   1201   101.69  1.7943   0.628  0.0534   67.86  15.11   48.72  17.93
   1201   102.25  1.8642   0.623  0.0559   68.10  14.96   48.91  17.85
   1201   102.86  1.9450   0.623  0.0586   68.35  14.81   49.15  17.75
   1201   103.55  2.0378   0.619  0.0638   68.64  14.61   49.40  17.62
   1201   104.40  2.1047   0.627  0.0693   68.77  14.33   49.01  17.19
   1201   105.39  2.2092   0.639  0.0716   68.86  14.15   48.63  16.79
