
File produced by vmc_phase_angle_analysis.pro  (v20151021)

   ID    pa(˚) d_pa(˚)  B   dB   ia(˚) d_ia(˚)  ea(˚) d_ea()
C_END
   1748    90.18  1.3136   0.598  0.0720   63.71  17.57   44.73  19.68
   1748    90.28  1.3201   0.593  0.0643   63.77  17.56   44.70  19.71
   1748    90.38  1.3263   0.585  0.0575   63.82  17.53   44.75  19.69
   1748    90.49  1.3325   0.582  0.0555   63.81  17.52   44.83  19.65
   1748    90.59  1.3407   0.569  0.0506   63.89  17.50   44.83  19.65
   1748    90.70  1.3508   0.563  0.0477   63.96  17.48   44.83  19.67
   1748    90.82  1.3609   0.561  0.0464   64.02  17.45   44.82  19.65
   1748    90.93  1.3717   0.556  0.0430   64.07  17.41   44.87  19.65
   1748    91.05  1.3836   0.554  0.0422   64.11  17.38   44.90  19.63
   1748    91.18  1.3971   0.549  0.0401   64.18  17.34   44.93  19.62
   1748    91.31  1.4131   0.548  0.0393   64.22  17.34   44.98  19.61
   1748    91.45  1.4287   0.544  0.0379   64.26  17.29   45.05  19.58
   1748    91.59  1.4435   0.542  0.0367   64.28  17.22   45.14  19.53
   1748    91.73  1.4655   0.540  0.0358   64.42  17.19   45.09  19.53
   1748    91.88  1.4883   0.537  0.0347   64.48  17.19   45.12  19.56
   1748    92.05  1.5072   0.537  0.0341   64.48  17.10   45.25  19.47
   1748    92.21  1.5376   0.529  0.0298   64.67  17.09   45.19  19.51
   1748    92.39  1.5630   0.528  0.0292   64.68  17.02   45.30  19.47
   1748    92.58  1.5964   0.527  0.0279   64.82  16.99   45.31  19.47
   1748    92.78  1.6294   0.526  0.0281   64.92  16.92   45.33  19.43
   1748    92.99  1.6647   0.525  0.0274   64.99  16.83   45.45  19.41
   1748    93.22  1.7088   0.525  0.0270   65.12  16.80   45.46  19.41
   1748    93.46  1.7543   0.525  0.0271   65.24  16.72   45.54  19.38
   1748    93.73  1.8051   0.525  0.0269   65.37  16.63   45.62  19.32
   1748    94.01  1.8641   0.526  0.0265   65.55  16.55   45.63  19.32
   1748    94.34  1.9239   0.527  0.0260   65.60  16.44   45.63  19.17
   1748    94.71  1.9932   0.529  0.0262   65.66  16.32   45.51  19.06
   1748    95.12  2.0738   0.531  0.0260   65.74  16.19   45.34  18.98
