
File produced by vmc_phase_angle_analysis.pro  (v20151021)

   ID    pa(˚) d_pa(˚)  B   dB   ia(˚) d_ia(˚)  ea(˚) d_ea()
C_END
   1743    88.82  1.3120   0.331  0.2257   63.23  17.82   44.33  19.82
   1743    88.99  1.3103   0.432  0.1717   63.31  17.78   44.38  19.82
   1743    89.17  1.3112   0.416  0.1829   63.37  17.79   44.40  19.84
   1743    89.34  1.3101   0.398  0.1981   63.44  17.74   44.45  19.80
   1743    89.52  1.3106   0.387  0.1964   63.49  17.71   44.53  19.78
   1743    89.71  1.3112   0.397  0.1935   63.53  17.68   44.60  19.74
   1743    89.89  1.3142   0.412  0.1784   63.62  17.65   44.61  19.76
   1743    90.08  1.3177   0.385  0.1908   63.69  17.62   44.66  19.75
   1743    90.27  1.3204   0.435  0.1489   63.75  17.58   44.72  19.70
   1743    90.46  1.3240   0.409  0.1713   63.79  17.53   44.83  19.65
   1743    90.66  1.3304   0.421  0.1565   63.91  17.50   44.81  19.67
   1743    90.86  1.3356   0.390  0.1726   64.02  17.43   44.86  19.62
   1743    91.06  1.3427   0.391  0.1668   64.08  17.39   44.93  19.63
   1743    91.28  1.3497   0.392  0.1629   64.13  17.34   45.05  19.56
   1743    91.49  1.3600   0.378  0.1709   64.24  17.30   45.08  19.55
   1743    91.71  1.3710   0.398  0.1497   64.34  17.27   45.11  19.52
   1743    91.94  1.3826   0.377  0.1654   64.44  17.21   45.17  19.49
   1743    92.17  1.3949   0.396  0.1463   64.54  17.16   45.26  19.46
   1743    92.42  1.4069   0.379  0.1587   64.56  17.10   45.34  19.42
   1743    92.67  1.4213   0.391  0.1486   64.63  17.05   45.49  19.38
   1743    92.93  1.4418   0.382  0.1527   64.80  17.02   45.47  19.40
   1743    93.20  1.4576   0.382  0.1495   64.85  16.94   45.64  19.33
   1743    93.48  1.4791   0.396  0.1345   64.99  16.88   45.68  19.32
   1743    93.78  1.4999   0.378  0.1451   65.10  16.80   45.79  19.25
   1743    94.09  1.5242   0.396  0.1241   65.22  16.72   45.89  19.20
   1743    94.41  1.5509   0.381  0.1380   65.36  16.64   45.99  19.14
   1743    94.76  1.5807   0.393  0.1240   65.51  16.56   46.09  19.12
   1743    95.12  1.6138   0.386  0.1329   65.67  16.47   46.19  19.09
   1743    95.50  1.6492   0.396  0.1206   65.83  16.37   46.31  19.01
   1743    95.92  1.6875   0.398  0.1148   65.95  16.27   46.40  18.90
   1743    96.37  1.7292   0.389  0.1288   66.06  16.16   46.40  18.76
   1743    96.86  1.7776   0.403  0.1094   66.19  16.05   46.36  18.66
   1743    97.40  1.8311   0.394  0.1210   66.31  15.93   46.34  18.50
   1743    97.99  1.8921   0.405  0.1094   66.44  15.80   46.32  18.36
   1743    98.64  1.9630   0.399  0.1233   66.61  15.67   46.28  18.26
   1743    99.09  2.0112   0.402  0.1219   66.71  15.55   46.30  18.17
