
File produced by vmc_phase_angle_analysis.pro  (v20151021)

   ID    pa(˚) d_pa(˚)  B   dB   ia(˚) d_ia(˚)  ea(˚) d_ea()
C_END
   1188    93.11  1.2912   0.459  0.0042   64.66  17.05   45.71  19.28
   1188    92.97  1.3180   0.463  0.0234   64.69  17.07   45.57  19.36
   1188    92.84  1.3490   0.484  0.0217   64.69  17.09   45.49  19.39
   1188    92.09  1.6893   0.553  0.0304   64.69  17.04   45.13  19.54
   1188    91.93  1.8400   0.586  0.0360   64.63  16.99   45.11  19.57
   1188    91.86  1.9262   0.601  0.0380   64.68  16.98   45.03  19.62
   1188    91.75  2.0939   0.604  0.0346   64.84  16.90   44.90  19.68
   1188    91.66  2.3173   0.618  0.0336   64.97  16.81   44.80  19.74
   1188    91.62  2.4577   0.625  0.0331   65.03  16.74   44.74  19.74
   1188    91.69  2.6012   0.622  0.0385   64.62  16.52   43.51  19.41
   1188    91.76  2.8137   0.624  0.0377   64.32  16.48   42.57  19.19
   1188    92.02  3.0494   0.631  0.0373   63.31  16.36   41.24  19.35
   1188    92.25  3.3769   0.634  0.0338   62.89  16.28   40.33  19.23
   1188    92.62  3.8093   0.636  0.0286   62.51  16.16   39.36  19.21
