
File produced by vmc_phase_angle_analysis.pro  (v20151021)

   ID    pa(˚) d_pa(˚)  B   dB   ia(˚) d_ia(˚)  ea(˚) d_ea()
C_END
   1744    89.16  1.3086   0.273  0.2396   63.45  17.76   44.35  19.83
   1744    89.32  1.3088   0.296  0.2413   63.51  17.74   44.39  19.84
   1744    89.48  1.3071   0.313  0.2373   63.53  17.69   44.49  19.78
   1744    89.64  1.3093   0.331  0.2338   63.62  17.67   44.49  19.77
   1744    89.98  1.3125   0.360  0.2226   63.70  17.60   44.64  19.73
   1744    90.14  1.3172   0.369  0.2145   63.79  17.57   44.63  19.72
   1744    90.32  1.3219   0.363  0.2161   63.84  17.56   44.71  19.74
   1744    90.50  1.3256   0.380  0.2071   63.89  17.50   44.77  19.65
   1744    90.68  1.3323   0.389  0.1979   63.99  17.46   44.77  19.66
   1744    90.86  1.3365   0.380  0.1988   64.00  17.40   44.92  19.59
   1744    91.05  1.3461   0.397  0.1849   64.12  17.37   44.91  19.59
   1744    91.24  1.3562   0.405  0.1730   64.19  17.36   44.96  19.62
   1744    91.44  1.3648   0.395  0.1771   64.22  17.31   45.07  19.54
   1744    91.64  1.3770   0.410  0.1586   64.36  17.26   45.06  19.55
   1744    91.86  1.3871   0.404  0.1626   64.36  17.22   45.22  19.49
   1744    92.07  1.4040   0.417  0.1479   64.53  17.19   45.22  19.50
   1744    92.30  1.4129   0.426  0.1363   64.51  17.08   45.33  19.43
   1744    92.54  1.4319   0.444  0.1047   64.49  17.09   45.48  19.41
   1744    92.78  1.4538   0.446  0.0906   64.68  17.06   45.45  19.40
   1744    93.03  1.4706   0.439  0.0973   64.72  16.97   45.60  19.35
   1744    93.30  1.4924   0.444  0.0851   64.82  16.92   45.71  19.29
   1744    93.57  1.5183   0.446  0.0838   64.97  16.88   45.73  19.32
   1744    93.86  1.5431   0.444  0.0876   65.06  16.80   45.85  19.26
   1744    94.16  1.5708   0.447  0.0774   65.18  16.71   45.95  19.20
   1744    94.48  1.6026   0.442  0.0837   65.30  16.64   46.06  19.16
   1744    94.82  1.6373   0.441  0.0782   65.45  16.55   46.16  19.11
   1744    95.19  1.6768   0.441  0.0772   65.60  16.48   46.26  19.08
   1744    95.58  1.7188   0.437  0.0906   65.75  16.37   46.41  19.01
   1744    95.99  1.7667   0.440  0.0798   65.93  16.26   46.53  18.95
   1744    96.45  1.8201   0.433  0.0979   66.12  16.14   46.69  18.88
   1744    96.94  1.8806   0.431  0.0995   66.32  16.02   46.85  18.82
   1744    97.49  1.9494   0.419  0.1192   66.56  15.87   47.02  18.75
   1744    98.09  2.0278   0.409  0.1299   66.81  15.72   47.24  18.66
   1744    98.75  2.1120   0.396  0.1447   67.18  15.43   47.39  18.53
   1744    99.43  2.1279   0.430  0.1186   68.37  14.17   46.70  17.85
   1744   100.14  2.0884   0.511  0.0197   70.19  12.50   44.33  16.26
