
File produced by vmc_phase_angle_analysis.pro  (v20151021)

   ID    pa(˚) d_pa(˚)  B   dB   ia(˚) d_ia(˚)  ea(˚) d_ea()
C_END
   1210   116.29  1.9085   1.188  0.0903   71.83  12.20   53.36  14.34
   1210   118.62  1.9633   1.252  0.0828   72.31  11.83   53.72  13.81
   1210   119.80  1.9885   1.275  0.0769   72.57  11.64   53.97  13.59
   1210    71.32  4.4675   0.848  0.0687   60.11  14.26   41.23  19.36
   1210    71.68  4.4524   0.825  0.0661   60.15  14.88   40.18  19.72
   1210    72.05  4.4326   0.807  0.0635   60.17  15.48   39.31  19.94
