
File produced by vmc_phase_angle_analysis.pro  (v20151021)

   ID    pa(˚) d_pa(˚)  B   dB   ia(˚) d_ia(˚)  ea(˚) d_ea()
C_END
   1189    93.30  1.2866   0.495  0.0134   64.74  16.98   45.74  19.24
   1189    92.85  1.4646   0.574  0.0191   64.74  16.99   45.52  19.35
   1189    92.55  1.9068   0.657  0.0278   64.91  16.86   45.24  19.55
   1189    92.52  2.0695   0.652  0.0239   65.08  16.76   45.16  19.57
   1189    92.53  2.2857   0.664  0.0228   65.22  16.65   45.11  19.60
   1189    92.55  2.4234   0.669  0.0220   65.32  16.58   45.04  19.62
   1189    92.67  2.5612   0.658  0.0228   64.97  16.36   43.87  19.29
   1189    92.81  2.7640   0.660  0.0220   64.69  16.31   42.99  19.04
   1189    93.13  2.9929   0.665  0.0233   63.80  16.19   41.66  19.20
   1189    93.41  3.3409   0.665  0.0222   63.65  16.21   40.57  19.16
   1189    93.81  3.8083   0.667  0.0242   63.61  16.19   39.37  19.21
