
File produced by vmc_phase_angle_analysis.pro  (v20151021)

   ID    pa(˚) d_pa(˚)  B   dB   ia(˚) d_ia(˚)  ea(˚) d_ea()
C_END
   1753    90.68  1.5732   0.524  0.0233   63.98  17.38   44.81  19.70
   1753    90.73  1.6056   0.523  0.0223   64.03  17.36   44.81  19.71
   1753    90.78  1.6418   0.521  0.0221   64.06  17.35   44.81  19.71
   1753    90.83  1.6801   0.521  0.0216   64.11  17.31   44.82  19.71
   1753    90.88  1.7195   0.539  0.0323   64.31  17.23   44.74  19.70
   1753    90.94  1.7678   0.539  0.0300   64.40  17.19   44.70  19.71
   1753    91.02  1.8197   0.539  0.0287   64.43  17.16   44.76  19.70
   1753    91.10  1.8776   0.542  0.0275   64.51  17.10   44.76  19.69
   1753    91.31  2.0204   0.553  0.0239   64.69  17.01   44.74  19.73
   1753    91.44  2.1057   0.555  0.0234   64.81  16.94   44.75  19.73
   1753    91.58  2.2028   0.555  0.0228   64.93  16.86   44.76  19.72
   1753    91.75  2.3151   0.559  0.0229   65.07  16.77   44.79  19.71
   1753    91.96  2.4460   0.561  0.0232   65.20  16.65   44.78  19.68
   1753    92.26  2.6009   0.563  0.0235   65.10  16.53   44.14  19.34
   1753    92.64  2.7986   0.563  0.0233   64.89  16.45   43.22  18.99
   1753    92.96  2.9623   0.563  0.0234   64.76  16.42   42.54  18.81
   1753    93.32  3.1607   0.563  0.0226   64.69  16.41   41.75  18.71
   1753    93.73  3.3939   0.564  0.0209   64.75  16.36   40.77  18.48
   1753    94.02  3.5637   0.567  0.0213   66.05  15.25   38.43  17.24
   1753    94.05  3.5808   0.578  0.0264   68.82  13.01   34.54  14.85
