
File produced by vmc_phase_angle_analysis.pro  (v20151021)

   ID    pa(˚) d_pa(˚)  B   dB   ia(˚) d_ia(˚)  ea(˚) d_ea()
C_END
   1513    98.42  1.5422   0.520  0.0471   66.51  15.88   47.22  18.35
   1513    98.80  1.5602   0.515  0.0362   66.59  15.80   47.27  18.24
   1513    99.19  1.5806   0.517  0.0350   66.69  15.71   47.28  18.15
   1513    99.60  1.6024   0.522  0.0345   66.78  15.63   47.33  18.04
   1513   100.03  1.6260   0.524  0.0363   66.89  15.54   47.38  17.93
   1513   100.48  1.6516   0.528  0.0362   67.00  15.45   47.42  17.84
   1513   100.95  1.6798   0.534  0.0387   67.13  15.36   47.46  17.75
   1513   101.46  1.7100   0.538  0.0391   67.26  15.26   47.53  17.63
   1513   101.99  1.7435   0.545  0.0398   67.40  15.16   47.60  17.55
   1513   102.55  1.7800   0.556  0.0400   67.57  15.05   47.69  17.46
