
File produced by vmc_phase_angle_analysis.pro  (v20151021)

   ID    pa(˚) d_pa(˚)  B   dB   ia(˚) d_ia(˚)  ea(˚) d_ea()
C_END
   1521    92.89  1.3749   0.704  0.0531   66.44  15.07   44.34  18.72
   1521    93.01  1.3649   0.699  0.0449   66.83  14.67   44.16  18.60
   1521    93.13  1.3567   0.699  0.0465   67.32  14.28   43.89  18.55
   1521    93.24  1.3446   0.703  0.0478   67.81  13.85   43.65  18.39
   1521    93.62  1.5348   0.683  0.0491   65.10  16.80   45.69  19.29
   1521    93.79  1.5530   0.699  0.0441   65.13  16.77   45.79  19.24
   1521    93.96  1.5742   0.702  0.0411   65.22  16.73   45.81  19.25
   1521    94.13  1.5960   0.703  0.0393   65.33  16.68   45.84  19.23
   1521    94.32  1.6176   0.706  0.0383   65.38  16.62   45.93  19.17
   1521    94.52  1.6423   0.711  0.0370   65.46  16.58   46.00  19.15
   1521    94.72  1.6684   0.714  0.0352   65.56  16.52   46.05  19.12
   1521    94.93  1.6981   0.715  0.0338   65.68  16.48   46.07  19.15
   1521    95.15  1.7276   0.718  0.0334   65.75  16.42   46.17  19.10
   1521    95.39  1.7607   0.723  0.0317   65.88  16.35   46.21  19.09
   1521    95.64  1.7939   0.725  0.0309   65.96  16.28   46.30  19.01
   1521    95.90  1.8304   0.728  0.0299   66.05  16.21   46.30  18.93
   1521    96.18  1.8692   0.732  0.0290   66.15  16.11   46.27  18.86
   1521    96.49  1.9118   0.738  0.0276   66.22  16.04   46.28  18.76
   1521    96.81  1.9587   0.739  0.0270   66.31  15.95   46.25  18.67
