
File produced by vmc_phase_angle_analysis.pro  (v20151021)

   ID    pa(˚) d_pa(˚)  B   dB   ia(˚) d_ia(˚)  ea(˚) d_ea()
C_END
   1204   101.67  1.5465   0.908  0.0819   67.56  15.28   48.87  17.87
   1204   102.70  1.6293   0.942  0.0847   67.96  15.03   49.27  17.69
   1204   103.27  1.6415   0.961  0.0866   68.39  14.43   48.92  17.24
   1204   103.90  1.7340   0.997  0.1032   68.51  14.71   49.68  17.48
   1204   104.59  1.7974   1.015  0.1094   68.79  14.53   49.94  17.36
   1204   105.35  1.8705   1.044  0.1189   69.09  14.35   50.25  17.23
   1204    83.19  3.7253   0.660  0.0560   51.74  13.86   46.03  18.05
   1204    79.86  4.3943   0.609  0.0281   63.48  14.48   41.66  19.46
   1204    80.04  4.3664   0.601  0.0277   63.42  15.09   40.59  19.86
   1204    80.23  4.3275   0.596  0.0271   63.33  15.66   39.69  20.16
