
File produced by vmc_phase_angle_analysis.pro  (v20151021)

   ID    pa(˚) d_pa(˚)  B   dB   ia(˚) d_ia(˚)  ea(˚) d_ea()
C_END
   1207   106.86  1.7349   0.983  0.0820   69.44  14.11   50.99  16.87
   1207   107.78  1.8018   1.030  0.0910   69.78  13.90   51.38  16.70
   1207   108.80  1.8781   1.078  0.0977   70.17  13.65   51.80  16.49
   1207   110.01  1.9172   1.121  0.0952   70.45  13.32   51.77  16.00
   1207   115.18  2.1306   1.260  0.0598   71.32  12.47   51.71  14.59
   1207   116.29  2.1800   1.287  0.0675   71.57  12.30   51.83  14.40
   1207    75.15  4.4750   0.646  0.0634   62.98  14.17   39.99  19.54
   1207    75.46  4.4503   0.634  0.0627   62.91  14.77   38.98  19.82
   1207    75.78  4.4186   0.624  0.0619   62.78  15.35   38.19  19.98
   1207    92.43  1.2467   0.544  0.0174   64.34  17.22   45.48  19.41
   1207    92.94  1.2358   0.554  0.0180   64.52  17.14   45.64  19.34
