
File produced by vmc_phase_angle_analysis.pro  (v20151021)

   ID    pa(˚) d_pa(˚)  B   dB   ia(˚) d_ia(˚)  ea(˚) d_ea()
C_END
   2787    87.46  1.3705   0.640  0.1267   62.83  18.05   43.91  20.00
   2787    90.91  1.3890   0.659  0.1241   64.03  17.41   44.89  19.62
   2787    95.24  1.4710   0.686  0.1159   65.54  16.54   46.32  19.01
   2787   101.49  1.6622   0.710  0.0958   67.74  15.20   48.67  17.94
   2787   114.43  2.0209   0.893  0.0606   71.18  12.64   52.14  15.07
   2787   129.47  2.5745   1.498  0.0541   76.23   9.35   61.04  11.71
   2787    59.80  3.9577   0.635  0.0441   57.92  14.52   46.55  16.93
   2787    60.79  3.9017   0.608  0.0439   58.66  15.78   43.68  17.80
   2787    62.53  3.6829   0.600  0.0463   58.56  17.20   40.14  19.03
