
File produced by vmc_phase_angle_analysis.pro  (v20151021)

   ID    pa(˚) d_pa(˚)  B   dB   ia(˚) d_ia(˚)  ea(˚) d_ea()
C_END
   2809    82.88  0.8937   0.665  0.0562   46.41  13.83   51.32  16.36
   2809    84.09  0.9058   0.679  0.0595   47.47  13.85   51.24  16.39
   2809    85.33  0.9218   0.693  0.0596   48.59  13.88   51.15  16.44
   2809    86.61  0.9410   0.707  0.0548   49.79  13.89   51.03  16.48
   2809    87.95  0.9665   0.718  0.0512   51.03  13.98   50.92  16.56
   2809    89.34  0.9953   0.733  0.0458   52.40  14.01   50.75  16.62
   2809    89.92  1.4575   0.722  0.0518   63.77  17.56   44.55  19.77
   2809    91.54  1.4664   0.742  0.0447   64.32  17.26   45.03  19.57
   2809    93.29  1.4739   0.764  0.0393   64.76  16.90   45.51  19.19
   2809    95.16  1.4927   0.782  0.0355   65.52  16.54   46.30  19.01
   2809    97.25  1.5074   0.811  0.0376   65.91  16.17   46.43  18.42
   2809    99.56  1.5275   0.829  0.0255   66.49  15.73   47.05  17.96
   2809   102.18  1.5549   0.872  0.0287   67.22  15.25   47.82  17.46
   2809   105.19  1.5891   0.918  0.0290   68.09  14.71   48.83  16.92
   2809   108.77  1.6339   0.984  0.0431   69.18  14.06   50.03  16.26
   2809   113.18  1.6908   1.076  0.0573   70.51  13.25   51.86  15.49
   2809   118.85  1.7677   1.238  0.0849   72.30  12.10   54.64  14.37
   2809   125.16  1.8661   1.485  0.1038   74.28  10.79   58.14  12.98
   2809   144.86  1.8930   2.283  0.0947   79.83   6.72   69.54   7.91
   2809    31.03  4.2144   0.930  0.0157   53.59  14.34   46.34  16.95
   2809    33.23  4.1652   0.882  0.0166   54.49  15.16   44.50  17.43
   2809    36.82  3.9815   0.835  0.0227   54.99  16.20   41.60  18.15
