
File produced by vmc_phase_angle_analysis.pro  (v20151021)

   ID    pa(˚) d_pa(˚)  B   dB   ia(˚) d_ia(˚)  ea(˚) d_ea()
C_END
   2802    86.22  0.9189   0.639  0.0935   49.26  13.85   51.17  16.43
   2802    87.40  0.9386   0.644  0.0919   50.36  13.91   51.07  16.49
   2802    88.61  0.9616   0.649  0.0899   51.55  13.93   50.94  16.54
   2802    89.89  0.9907   0.653  0.0869   52.80  14.00   50.80  16.62
   2802    90.37  1.4427   0.626  0.0550   63.90  17.49   44.69  19.74
   2802    91.85  1.4529   0.620  0.0575   64.42  17.21   45.13  19.55
   2802    93.44  1.4631   0.640  0.0446   64.86  16.88   45.64  19.20
   2802    95.17  1.4801   0.634  0.0454   65.33  16.57   45.92  18.87
   2802    97.03  1.5070   0.672  0.0382   66.14  16.19   46.98  18.72
   2802    99.17  1.5235   0.662  0.0290   66.38  15.80   46.94  18.03
   2802   101.54  1.5559   0.698  0.0258   67.05  15.37   47.59  17.60
   2802   104.27  1.5945   0.732  0.0211   67.82  14.88   48.47  17.10
   2802   107.45  1.6409   0.789  0.0310   68.97  14.21   49.79  16.44
   2802   111.38  1.7002   0.866  0.0387   70.12  13.49   51.26  15.74
   2802   116.39  1.7770   0.982  0.0424   71.67  12.50   53.50  14.78
   2802   123.23  1.8532   1.212  0.0737   73.76  11.09   56.94  13.26
   2802   139.22  1.5443   1.739  0.0538   78.02   7.93   65.24   9.21
   2802   142.50  1.4228   1.749  0.0531   78.89   7.32   67.07   8.41
   2802    40.46  4.0164   0.653  0.0062   49.25  14.54   46.36  17.40
   2802    41.44  4.0300   0.644  0.0085   50.09  15.22   45.09  17.79
   2802    44.89  3.9815   0.622  0.0130   51.95  17.36   41.45  18.78
