
File produced by vmc_phase_angle_analysis.pro  (v20151021)

   ID    pa(˚) d_pa(˚)  B   dB   ia(˚) d_ia(˚)  ea(˚) d_ea()
C_END
   2811    82.99  0.8965   0.570  0.0428   46.54  13.82   51.30  16.37
   2811    84.23  0.9097   0.578  0.0403   47.63  13.83   51.21  16.40
   2811    85.50  0.9279   0.582  0.0399   48.76  13.89   51.13  16.47
   2811    86.82  0.9488   0.587  0.0372   50.00  13.93   51.00  16.51
   2811    88.19  0.9752   0.597  0.0357   51.30  13.99   50.87  16.58
   2811    89.63  1.0063   0.607  0.0335   52.70  14.04   50.73  16.68
   2811    90.28  1.4635   0.601  0.0332   63.87  17.50   44.67  19.73
   2811    91.95  1.4729   0.608  0.0298   64.47  17.18   45.13  19.49
   2811    93.78  1.4809   0.617  0.0253   64.91  16.81   45.59  19.11
   2811    95.72  1.5018   0.637  0.0254   65.71  16.44   46.49  18.95
   2811    97.92  1.5150   0.649  0.0306   66.08  16.03   46.61  18.26
   2811   100.36  1.5369   0.675  0.0191   66.71  15.59   47.28  17.80
   2811   103.13  1.5656   0.705  0.0197   67.50  15.09   48.13  17.29
   2811   106.36  1.5999   0.752  0.0199   68.44  14.49   49.26  16.71
   2811   110.23  1.6463   0.819  0.0393   69.64  13.78   50.67  15.98
   2811   115.06  1.7066   0.917  0.0483   71.11  12.87   52.77  15.12
   2811   121.41  1.7921   1.109  0.0677   73.10  11.58   56.03  13.82
   2811   125.49  1.8572   1.278  0.0745   74.38  10.73   58.33  12.90
   2811   142.92  1.9532   2.529  0.1202   79.35   7.10   68.49   8.42
   2811   147.95  1.9391   2.567  0.1236   80.69   6.09   71.53   7.12
   2811    27.03  4.2389   0.935  0.0160   54.34  13.91   47.20  16.55
   2811    29.57  4.1575   0.872  0.0331   55.39  14.73   45.14  17.10
   2811    34.38  3.8862   0.789  0.0299   55.92  15.84   41.28  18.01
