
File produced by vmc_phase_angle_analysis.pro  (v20151021)

   ID    pa(˚) d_pa(˚)  B   dB   ia(˚) d_ia(˚)  ea(˚) d_ea()
C_END
   2783    88.14  1.3500   0.650  0.0373   63.04  17.96   44.09  19.94
   2783    89.52  1.3527   0.664  0.0356   63.51  17.69   44.49  19.79
   2783    91.00  1.3687   0.672  0.0327   64.08  17.39   44.90  19.63
   2783    92.66  1.3994   0.680  0.0281   64.60  17.08   45.53  19.37
   2783    94.54  1.4498   0.690  0.0327   65.27  16.70   46.10  19.11
   2783    96.77  1.5247   0.682  0.0253   66.07  16.22   46.88  18.77
   2783    99.55  1.6370   0.721  0.0268   67.07  15.61   47.91  18.30
   2783   103.28  1.8112   0.757  0.0282   68.43  14.78   49.36  17.62
   2783   109.15  2.0605   0.842  0.0336   69.70  13.73   50.08  16.32
   2783   118.93  2.6265   1.116  0.0580   73.10  11.65   54.94  14.69
