
File produced by vmc_phase_angle_analysis.pro  (v20151021)

   ID    pa(˚) d_pa(˚)  B   dB   ia(˚) d_ia(˚)  ea(˚) d_ea()
C_END
   2803    83.58  0.8902   0.679  0.0873   46.92  13.80   51.35  16.36
   2803    84.70  0.9013   0.690  0.0889   47.90  13.83   51.27  16.38
   2803    85.85  0.9164   0.698  0.0872   48.94  13.87   51.19  16.42
   2803    87.04  0.9353   0.708  0.0862   50.03  13.92   51.09  16.48
   2803    88.27  0.9581   0.717  0.0870   51.22  13.95   50.96  16.53
   2803    89.55  0.9854   0.725  0.0899   52.48  13.99   50.83  16.61
   2803    90.02  1.4429   0.734  0.0755   63.80  17.54   44.57  19.76
   2803    91.51  1.4523   0.752  0.0743   64.29  17.27   45.04  19.57
   2803    93.10  1.4626   0.738  0.0766   64.75  16.95   45.47  19.29
   2803    94.81  1.4809   0.751  0.0756   65.39  16.63   46.19  19.07
   2803    96.72  1.4964   0.799  0.0754   65.75  16.27   46.37  18.51
   2803    98.81  1.5197   0.799  0.0762   66.30  15.88   46.82  18.13
   2803   101.16  1.5483   0.825  0.0720   66.93  15.43   47.50  17.65
   2803   103.86  1.5843   0.865  0.0707   67.70  14.94   48.34  17.16
   2803   107.00  1.6295   0.913  0.0646   68.80  14.31   49.59  16.54
   2803   110.85  1.6858   0.979  0.0662   69.93  13.61   50.99  15.85
   2803   115.71  1.7580   1.091  0.0757   71.42  12.66   53.14  14.93
   2803   122.23  1.8522   1.284  0.0804   73.46  11.32   56.46  13.54
   2803   139.77  1.5959   1.768  0.0503   78.20   7.80   65.74   9.10
   2803   143.10  1.4815   1.785  0.0476   79.09   7.17   67.61   8.27
   2803    39.08  4.0437   0.717  0.0185   49.60  14.51   46.34  17.36
   2803    40.13  4.0570   0.716  0.0139   50.44  15.17   45.09  17.74
   2803    43.77  4.0012   0.695  0.0118   52.22  17.28   41.45  18.71
