
File produced by vmc_phase_angle_analysis.pro  (v20151021)

   ID    pa(˚) d_pa(˚)  B   dB   ia(˚) d_ia(˚)  ea(˚) d_ea()
C_END
   2790    87.62  0.9042   0.815  0.0870   50.23  13.85   51.27  16.40
   2790    89.39  0.9380   0.826  0.0477   51.95  13.93   51.07  16.49
   2790    90.45  1.3995   0.807  0.0423   63.89  17.47   44.75  19.67
   2790    92.66  1.4276   0.813  0.0398   64.62  17.07   45.52  19.37
   2790    95.19  1.4738   0.839  0.0432   65.53  16.55   46.29  19.04
   2790    98.24  1.5437   0.849  0.0324   66.54  15.93   47.46  18.52
   2790   102.08  1.6492   0.890  0.0310   67.93  15.09   48.90  17.82
   2790   107.44  1.8029   0.956  0.0346   69.68  13.92   50.99  16.69
   2790   116.37  1.8928   1.116  0.0603   71.71  12.17   53.24  14.41
   2790   131.40  2.0870   1.691  0.0587   76.02   9.32   60.58  11.37
   2790    56.00  3.9228   0.728  0.0060   54.24  14.50   47.09  17.05
   2790    56.72  3.9173   0.735  0.0188   55.18  15.51   45.09  17.65
   2790    58.35  3.8379   0.754  0.0177   56.21  17.23   41.67  18.68
