
File produced by vmc_phase_angle_analysis.pro  (v20151021)

   ID    pa(˚) d_pa(˚)  B   dB   ia(˚) d_ia(˚)  ea(˚) d_ea()
C_END
   2453    91.99  1.3763   0.421  0.0399   64.32  17.24   45.22  19.53
   2453    89.97  1.4974   0.408  0.0369   63.75  17.55   44.59  19.78
   2453    87.70  1.6643   0.398  0.0326   63.12  17.86   43.87  20.00
   2453    85.06  1.9078   0.392  0.0317   62.38  18.22   43.15  20.19
   2453    81.79  2.2863   0.384  0.0304   61.50  18.63   42.43  20.29
   2453    77.41  2.9489   0.378  0.0296   60.40  19.08   41.73  20.20
   2453    70.76  4.5406   0.371  0.0297   56.50  19.55   36.43  17.59
