
File produced by vmc_phase_angle_analysis.pro  (v20151021)

   ID    pa(˚) d_pa(˚)  B   dB   ia(˚) d_ia(˚)  ea(˚) d_ea()
C_END
   2793    85.66  0.8886   0.566  0.0693   48.58  13.78   51.31  16.34
   2793    86.57  0.8992   0.567  0.0630   49.39  13.81   51.26  16.37
   2793    87.51  0.9140   0.572  0.0598   50.23  13.89   51.21  16.44
   2793    88.47  0.9303   0.580  0.0582   51.19  13.88   51.08  16.45
   2793    89.47  0.9521   0.585  0.0494   52.16  13.93   50.97  16.52
   2793    90.51  0.9779   0.589  0.0456   53.22  13.99   50.84  16.59
   2793    90.77  1.4145   0.600  0.0656   64.00  17.40   44.84  19.64
   2793    91.98  1.4291   0.593  0.0479   64.43  17.20   45.16  19.53
   2793    93.27  1.4451   0.622  0.0541   64.85  16.95   45.65  19.33
   2793    94.66  1.4657   0.608  0.0388   65.30  16.67   46.16  19.10
   2793    96.17  1.4933   0.644  0.0456   65.85  16.36   46.66  18.88
   2793    97.84  1.5257   0.641  0.0437   66.39  16.02   47.31  18.57
   2793    99.70  1.5674   0.664  0.0439   67.04  15.64   48.01  18.25
   2793   101.82  1.6185   0.682  0.0354   67.76  15.20   48.85  17.88
   2793   104.29  1.6735   0.723  0.0435   68.60  14.63   49.74  17.32
   2793   107.28  1.7337   0.770  0.0405   69.43  14.01   50.66  16.59
   2793   110.99  1.8106   0.833  0.0364   70.50  13.26   51.94  15.79
   2793   115.93  1.8492   0.936  0.0368   71.76  12.24   53.64  14.58
   2793   132.60  1.7326   1.591  0.0556   75.98   9.23   60.75  11.02
   2793   141.40  1.9816   1.638  0.1379   78.87   7.33   66.85   8.80
   2793    51.97  3.8984   0.659  0.0230   50.92  14.19   47.69  17.01
   2793    52.76  3.9131   0.663  0.0218   52.12  15.26   45.71  17.67
   2793    54.60  3.8780   0.629  0.0189   53.69  17.17   42.22  18.71
