
File produced by vmc_phase_angle_analysis.pro  (v20151021)

   ID    pa(˚) d_pa(˚)  B   dB   ia(˚) d_ia(˚)  ea(˚) d_ea()
C_END
   2806    83.38  0.8938   0.707  0.0366   46.79  13.83   51.34  16.37
   2806    84.56  0.9058   0.717  0.0340   47.82  13.85   51.24  16.38
   2806    85.76  0.9218   0.726  0.0325   48.92  13.88   51.15  16.43
   2806    87.01  0.9411   0.735  0.0321   50.09  13.89   51.04  16.49
   2806    88.30  0.9667   0.742  0.0328   51.30  13.98   50.91  16.55
   2806    89.65  0.9953   0.750  0.0334   52.65  14.01   50.75  16.61
   2806    90.21  1.4508   0.744  0.0382   63.84  17.50   44.67  19.73
   2806    91.78  1.4613   0.737  0.0353   64.40  17.22   45.12  19.53
   2806    93.48  1.4707   0.757  0.0374   64.84  16.88   45.54  19.20
   2806    95.30  1.4894   0.758  0.0379   65.56  16.51   46.35  18.99
   2806    97.34  1.5049   0.797  0.0408   65.91  16.15   46.50  18.38
   2806    99.59  1.5272   0.816  0.0377   66.50  15.73   47.06  17.96
   2806   102.13  1.5566   0.849  0.0384   67.21  15.26   47.79  17.47
   2806   105.07  1.5924   0.885  0.0372   68.05  14.73   48.79  16.94
   2806   108.55  1.6397   0.933  0.0446   69.14  14.09   49.96  16.29
   2806   112.83  1.6983   1.019  0.0638   70.44  13.28   51.71  15.54
   2806   118.34  1.7783   1.170  0.0735   72.17  12.19   54.38  14.47
   2806   124.47  1.8742   1.389  0.0859   74.11  10.90   57.71  13.11
   2806   143.66  1.7345   1.975  0.0671   79.39   6.98   68.47   8.19
   2806    34.99  4.1313   0.804  0.0211   51.39  14.40   46.40  17.14
   2806    36.81  4.1344   0.758  0.0170   52.47  15.27   44.68  17.64
   2806    40.33  4.0402   0.741  0.0252   53.57  16.81   41.69  18.45
