
File produced by vmc_phase_angle_analysis.pro  (v20151021)

   ID    pa(˚) d_pa(˚)  B   dB   ia(˚) d_ia(˚)  ea(˚) d_ea()
C_END
   2780    91.09  1.3483   0.676  0.0529   64.02  17.39   45.02  19.57
   2780    92.47  1.3768   0.674  0.0502   64.50  17.08   45.46  19.40
   2780    94.03  1.4280   0.689  0.0504   65.09  16.81   45.92  19.21
   2780    95.85  1.4996   0.703  0.0540   65.74  16.42   46.56  18.93
   2780    98.09  1.6062   0.741  0.0534   66.54  15.93   47.37  18.57
   2780   101.02  1.7682   0.772  0.0517   67.65  15.25   48.43  18.06
   2780   105.42  2.0046   0.823  0.0499   68.51  14.45   48.60  17.00
   2780   111.21  2.4259   0.941  0.0552   70.35  13.42   50.33  16.52
   2780   116.83  2.7642   1.137  0.0736   73.81  11.07   54.66  14.76
