
File produced by vmc_phase_angle_analysis.pro  (v20151021)

   ID    pa(˚) d_pa(˚)  B   dB   ia(˚) d_ia(˚)  ea(˚) d_ea()
C_END
   2069    89.30  1.6354   0.745  0.0370   63.70  17.57   44.31  19.85
   2069    88.64  1.7029   0.742  0.0317   63.58  17.65   44.04  19.94
   2069    87.94  1.7791   0.745  0.0313   63.39  17.75   43.84  20.03
   2069    87.20  1.8648   0.753  0.0299   63.15  17.82   43.48  20.01
   2069    86.43  1.9661   0.759  0.0273   62.78  17.91   42.97  19.93
   2069    85.59  2.0877   0.767  0.0275   62.38  18.02   42.35  19.87
   2069    99.72  1.1197   0.890  0.0301   66.62  15.89   48.27  18.12
