
File produced by vmc_phase_angle_analysis.pro  (v20151021)

   ID    pa(˚) d_pa(˚)  B   dB   ia(˚) d_ia(˚)  ea(˚) d_ea()
C_END
   2795    84.19  0.8824   0.644  0.0781   47.33  13.81   51.39  16.35
   2795    85.12  0.8883   0.657  0.0753   48.16  13.78   51.33  16.34
   2795    86.08  0.8988   0.670  0.0723   49.00  13.81   51.25  16.35
   2795    87.06  0.9134   0.684  0.0698   49.87  13.88   51.20  16.42
   2795    88.08  0.9300   0.699  0.0674   50.86  13.88   51.09  16.46
   2795    89.12  0.9515   0.713  0.0662   51.88  13.92   50.97  16.51
   2795    90.22  0.9779   0.731  0.0586   52.97  14.00   50.86  16.60
   2795    90.52  1.4204   0.751  0.0625   63.93  17.46   44.76  19.67
   2795    91.78  1.4324   0.749  0.0482   64.33  17.24   45.20  19.52
   2795    93.14  1.4462   0.781  0.0576   64.79  16.95   45.65  19.32
   2795    94.59  1.4669   0.785  0.0403   65.29  16.67   46.13  19.09
   2795    96.17  1.4931   0.822  0.0427   65.85  16.36   46.67  18.88
   2795    97.92  1.5239   0.820  0.0477   66.42  16.00   47.35  18.56
   2795    99.86  1.5629   0.850  0.0379   67.09  15.60   48.08  18.22
   2795   102.08  1.6108   0.880  0.0431   67.84  15.13   48.96  17.81
   2795   104.68  1.6556   0.918  0.0461   68.61  14.58   49.69  17.14
   2795   107.81  1.7120   0.968  0.0459   69.46  13.95   50.64  16.42
   2795   111.71  1.7847   1.041  0.0357   70.58  13.18   52.04  15.60
   2795   116.85  1.8338   1.157  0.0427   71.99  12.11   54.03  14.43
   2795   134.34  1.5785   1.661  0.0391   76.40   8.92   61.74  10.53
   2795   143.74  1.7242   1.727  0.0132   79.32   6.97   67.95   8.25
   2795    49.29  3.8985   0.696  0.0575   49.22  14.09   47.72  17.07
   2795    50.16  3.9217   0.733  0.0279   50.52  15.16   45.75  17.74
   2795    52.51  3.8903   0.720  0.0228   52.50  17.43   41.82  18.92
