
File produced by vmc_phase_angle_analysis.pro  (v20151021)

   ID    pa(˚) d_pa(˚)  B   dB   ia(˚) d_ia(˚)  ea(˚) d_ea()
C_END
   2072    91.33  1.4901   0.707  0.0299   64.27  17.28   44.98  19.59
   2072    90.82  1.5378   0.713  0.0261   64.15  17.35   44.77  19.69
   2072    90.29  1.5896   0.710  0.0225   64.04  17.40   44.59  19.75
   2072    89.74  1.6488   0.713  0.0195   63.87  17.48   44.43  19.81
   2072    89.16  1.7168   0.716  0.0193   63.76  17.55   44.21  19.89
   2072    88.54  1.7953   0.717  0.0174   63.62  17.63   43.99  19.98
   2072    87.89  1.8831   0.717  0.0172   63.45  17.69   43.75  20.01
   2072    87.20  1.9847   0.711  0.0168   63.21  17.74   43.41  20.04
   2072    86.47  2.1038   0.711  0.0222   62.87  17.78   42.93  20.00
   2072    98.80  1.1341   0.755  0.0691   66.33  16.06   47.89  18.29
