
File produced by vmc_phase_angle_analysis.pro  (v20151021)

   ID    pa(˚) d_pa(˚)  B   dB   ia(˚) d_ia(˚)  ea(˚) d_ea()
C_END
   2804    84.90  0.9059   0.669  0.0587   48.10  13.84   51.24  16.38
   2804    86.08  0.9220   0.672  0.0561   49.17  13.88   51.14  16.43
   2804    87.29  0.9412   0.678  0.0553   50.32  13.88   51.04  16.48
   2804    88.56  0.9669   0.684  0.0516   51.51  13.98   50.91  16.55
   2804    89.88  0.9959   0.692  0.0468   52.82  14.02   50.76  16.62
   2804    90.40  1.4481   0.674  0.0467   63.92  17.48   44.70  19.73
   2804    91.95  1.4564   0.675  0.0429   64.42  17.18   45.18  19.54
   2804    93.60  1.4684   0.697  0.0414   64.91  16.85   45.64  19.19
   2804    95.40  1.4835   0.710  0.0307   65.37  16.51   46.01  18.80
   2804    97.34  1.5112   0.740  0.0361   66.25  16.11   47.10  18.67
   2804    99.58  1.5277   0.757  0.0293   66.50  15.73   47.06  17.96
   2804   102.06  1.5590   0.791  0.0266   67.20  15.28   47.76  17.50
   2804   104.93  1.5969   0.830  0.0229   68.02  14.76   48.71  16.97
   2804   108.32  1.6439   0.881  0.0398   69.14  14.10   50.00  16.31
   2804   112.51  1.7035   0.967  0.0426   70.40  13.31   51.65  15.55
   2804   117.90  1.7839   1.109  0.0511   72.08  12.24   54.20  14.51
   2804   123.89  1.8651   1.310  0.0710   73.95  10.99   57.36  13.18
   2804   140.28  1.6511   1.816  0.0601   78.38   7.68   66.19   9.01
   2804   143.98  1.5405   1.839  0.0555   79.36   6.98   68.31   8.07
   2804    37.70  4.0729   0.718  0.0180   50.02  14.47   46.34  17.30
   2804    38.82  4.0850   0.715  0.0109   50.85  15.12   45.09  17.68
   2804    42.67  4.0190   0.679  0.0193   52.55  17.18   41.45  18.65
