
File produced by vmc_phase_angle_analysis.pro  (v20151021)

   ID    pa(˚) d_pa(˚)  B   dB   ia(˚) d_ia(˚)  ea(˚) d_ea()
C_END
   2798    90.36  1.4305   0.820  0.0494   63.89  17.50   44.68  19.73
   2798    91.72  1.4395   0.819  0.0402   64.32  17.23   45.17  19.51
   2798    93.18  1.4547   0.799  0.0376   64.82  16.95   45.47  19.30
   2798    94.74  1.4743   0.808  0.0362   65.38  16.65   46.13  19.13
   2798    96.47  1.4911   0.840  0.0392   65.70  16.30   46.32  18.57
   2798    98.38  1.5165   0.833  0.0395   66.17  15.94   46.71  18.18
   2798   100.51  1.5501   0.857  0.0433   66.74  15.57   47.28  17.78
   2798   102.95  1.5907   0.886  0.0431   67.43  15.12   47.96  17.34
   2798   105.73  1.6412   0.956  0.0372   68.67  14.44   49.60  16.81
   2798   109.17  1.6987   1.007  0.0374   69.64  13.80   50.71  16.11
   2798   113.47  1.7727   1.086  0.0404   70.93  12.97   52.41  15.27
   2798   119.20  1.8360   1.211  0.0552   72.61  11.80   54.95  14.01
   2798   121.62  1.8231   1.275  0.0634   73.26  11.29   56.01  13.42
   2798   136.66  1.4578   1.634  0.0437   77.14   8.47   63.20   9.82
   2798   144.78  1.3237   1.694  0.0135   79.39   6.89   68.23   7.97
   2798    45.95  3.9402   0.692  0.0247   49.16  14.76   46.32  17.54
   2798    46.72  3.9500   0.744  0.0294   49.99  15.46   45.05  17.96
   2798    48.87  3.9269   0.744  0.0319   51.57  17.20   42.11  18.81
