
File produced by vmc_phase_angle_analysis.pro  (v20151021)

   ID    pa(˚) d_pa(˚)  B   dB   ia(˚) d_ia(˚)  ea(˚) d_ea()
C_END
   2792    90.52  1.4096   0.719  0.0774   63.92  17.47   44.76  19.69
   2792    92.91  1.4361   0.707  0.0374   64.69  17.01   45.59  19.35
   2792    95.66  1.4824   0.725  0.0305   65.65  16.46   46.52  18.94
   2792    98.98  1.5541   0.771  0.0481   66.79  15.78   47.73  18.38
   2792   103.23  1.6623   0.831  0.0339   68.29  14.87   49.41  17.60
   2792   109.30  1.7977   0.935  0.0355   70.10  13.55   51.48  16.18
   2792   138.68  2.0517   1.721  0.0474   78.15   7.84   65.23   9.49
   2792    53.48  3.9136   0.693  0.0170   52.15  14.54   47.02  17.20
   2792    54.26  3.9176   0.700  0.0236   53.19  15.57   45.06  17.83
   2792    56.00  3.8639   0.699  0.0213   54.49  17.39   41.72  18.81
