
File produced by vmc_phase_angle_analysis.pro  (v20151021)

   ID    pa(˚) d_pa(˚)  B   dB   ia(˚) d_ia(˚)  ea(˚) d_ea()
C_END
   2071    90.63  1.5421   0.728  0.0372   64.09  17.39   44.71  19.72
   2071    90.07  1.5956   0.719  0.0270   63.97  17.45   44.51  19.79
   2071    89.48  1.6553   0.724  0.0252   63.81  17.52   44.33  19.84
   2071    88.87  1.7242   0.735  0.0228   63.66  17.60   44.12  19.91
   2071    88.22  1.8036   0.739  0.0213   63.52  17.68   43.89  20.00
   2071    87.52  1.8944   0.748  0.0196   63.36  17.76   43.65  20.06
   2071    86.79  1.9973   0.755  0.0186   63.12  17.82   43.36  20.08
   2071    86.01  2.1184   0.756  0.0177   62.80  17.87   42.96  20.09
