
File produced by vmc_phase_angle_analysis.pro  (v20151021)

   ID    pa(˚) d_pa(˚)  B   dB   ia(˚) d_ia(˚)  ea(˚) d_ea()
C_END
   2797    86.99  0.9181   0.701  0.0772   49.86  13.87   51.17  16.43
   2797    88.05  0.9371   0.709  0.0805   50.87  13.92   51.06  16.48
   2797    89.17  0.9595   0.718  0.0789   51.96  13.95   50.94  16.54
   2797    90.32  0.9876   0.726  0.0776   53.12  14.02   50.82  16.63
   2797    90.70  1.4297   0.729  0.0813   64.01  17.44   44.79  19.69
   2797    92.04  1.4426   0.721  0.0777   64.48  17.20   45.22  19.51
   2797    93.49  1.4538   0.743  0.0760   64.90  16.86   45.68  19.21
   2797    95.06  1.4720   0.752  0.0739   65.29  16.58   45.94  18.87
   2797    96.74  1.5022   0.764  0.0686   66.04  16.25   46.88  18.78
   2797    98.68  1.5229   0.781  0.0732   66.24  15.90   46.79  18.13
   2797   100.82  1.5580   0.804  0.0749   66.83  15.50   47.34  17.71
   2797   103.18  1.6095   0.847  0.0564   68.07  14.90   49.06  17.43
   2797   106.07  1.6568   0.885  0.0488   68.85  14.35   49.86  16.75
   2797   109.56  1.7164   0.943  0.0426   69.84  13.67   50.98  16.02
   2797   113.97  1.7941   1.021  0.0431   71.14  12.82   52.75  15.15
   2797   119.94  1.8237   1.153  0.0523   72.78  11.59   55.27  13.78
   2797   135.93  1.4769   1.615  0.0405   76.88   8.62   62.71  10.04
   2797   143.49  1.4166   1.670  0.0248   79.04   7.13   67.45   8.33
   2797    46.97  3.9226   0.674  0.0202   48.92  14.47   46.89  17.36
   2797    47.99  3.9398   0.655  0.0210   50.14  15.50   45.02  17.98
   2797    50.17  3.9118   0.655  0.0180   51.77  17.35   41.88  18.89
