
File produced by vmc_phase_angle_analysis.pro  (v20151021)

   ID    pa(˚) d_pa(˚)  B   dB   ia(˚) d_ia(˚)  ea(˚) d_ea()
C_END
   2460    97.71  1.1683   0.692  0.0374   66.03  16.22   47.45  18.48
   2460    93.48  1.3215   0.628  0.0395   64.84  16.98   45.75  19.29
   2460    90.33  1.4816   0.607  0.0428   63.86  17.49   44.70  19.74
   2460    87.64  1.6550   0.584  0.0431   63.08  17.90   43.86  20.02
   2460    84.50  1.9046   0.562  0.0423   62.18  18.34   43.04  20.22
   2460    80.62  2.2919   0.538  0.0426   61.10  18.83   42.22  20.28
   2460    75.41  2.9651   0.515  0.0445   59.69  19.39   41.53  20.11
   2460    67.56  4.5225   0.506  0.0613   54.73  19.94   37.22  17.84
