
File produced by vmc_phase_angle_analysis.pro  (v20151021)

   ID    pa(˚) d_pa(˚)  B   dB   ia(˚) d_ia(˚)  ea(˚) d_ea()
C_END
   2808    83.04  0.8935   0.642  0.0436   46.53  13.83   51.33  16.36
   2808    84.24  0.9055   0.651  0.0424   47.58  13.85   51.24  16.38
   2808    85.47  0.9215   0.658  0.0417   48.69  13.87   51.15  16.43
   2808    86.74  0.9410   0.665  0.0396   49.88  13.89   51.03  16.48
   2808    88.06  0.9666   0.674  0.0370   51.10  13.98   50.92  16.56
   2808    89.44  0.9951   0.683  0.0370   52.47  14.01   50.75  16.61
   2808    90.01  1.4556   0.686  0.0287   63.81  17.54   44.56  19.77
   2808    91.62  1.4648   0.701  0.0275   64.34  17.25   45.06  19.59
   2808    93.35  1.4723   0.710  0.0264   64.78  16.89   45.54  19.19
   2808    95.20  1.4912   0.712  0.0213   65.53  16.53   46.32  18.99
   2808    97.28  1.5065   0.757  0.0206   65.92  16.16   46.44  18.41
   2808    99.58  1.5275   0.783  0.0246   66.50  15.73   47.06  17.96
   2808   102.17  1.5555   0.818  0.0248   67.22  15.26   47.82  17.46
   2808   105.16  1.5897   0.871  0.0256   68.08  14.71   48.83  16.92
   2808   108.71  1.6360   0.911  0.0452   69.19  14.07   50.00  16.27
   2808   113.08  1.6924   1.006  0.0705   70.49  13.26   51.82  15.50
   2808   118.69  1.7705   1.166  0.0676   72.27  12.12   54.56  14.40
   2808   124.95  1.8685   1.414  0.0860   74.23  10.82   58.01  13.01
   2808   144.51  1.8315   2.186  0.0863   79.69   6.80   69.20   7.99
   2808    32.28  4.1991   0.862  0.0235   52.69  14.35   46.38  17.05
   2808    34.35  4.1776   0.826  0.0196   53.67  15.19   44.60  17.53
   2808    38.31  4.0085   0.753  0.0270   54.40  16.55   41.39  18.34
