
File produced by vmc_phase_angle_analysis.pro  (v20151021)

   ID    pa(˚) d_pa(˚)  B   dB   ia(˚) d_ia(˚)  ea(˚) d_ea()
C_END
   2786    86.74  1.3701   0.606  0.0466   62.58  18.20   43.71  20.06
   2786    88.27  1.3656   0.611  0.0469   63.10  17.91   44.11  19.93
   2786    89.90  1.3725   0.618  0.0453   63.66  17.61   44.63  19.74
   2786    91.70  1.3940   0.612  0.0403   64.28  17.24   45.19  19.50
   2786    93.72  1.4341   0.617  0.0406   65.01  16.85   45.80  19.26
   2786    96.08  1.4937   0.631  0.0431   65.81  16.37   46.66  18.87
   2786    98.96  1.5842   0.672  0.0390   66.82  15.76   47.72  18.39
   2786   102.70  1.7215   0.710  0.0373   68.17  14.93   49.15  17.72
   2786   108.16  1.9118   0.780  0.0312   69.85  13.74   50.93  16.44
   2786   113.86  2.0690   0.891  0.0290   71.04  12.78   51.85  15.28
   2786   121.91  2.3566   1.146  0.0380   73.54  11.16   55.69  13.81
