
File produced by vmc_phase_angle_analysis.pro  (v20151021)

   ID    pa(˚) d_pa(˚)  B   dB   ia(˚) d_ia(˚)  ea(˚) d_ea()
C_END
   2796    86.85  0.9131   0.712  0.0825   49.70  13.88   51.20  16.42
   2796    87.88  0.9298   0.722  0.0783   50.70  13.88   51.10  16.46
   2796    88.96  0.9513   0.732  0.0702   51.74  13.92   50.97  16.51
   2796    90.08  0.9779   0.744  0.0646   52.84  14.00   50.86  16.60
   2796    90.39  1.4223   0.770  0.0629   63.88  17.47   44.74  19.69
   2796    91.69  1.4323   0.751  0.0544   64.27  17.23   45.20  19.52
   2796    93.07  1.4483   0.784  0.0553   64.78  16.97   45.62  19.32
   2796    94.55  1.4681   0.781  0.0442   65.29  16.68   46.10  19.11
   2796    96.17  1.4928   0.816  0.0421   65.85  16.36   46.67  18.88
   2796    97.95  1.5231   0.818  0.0472   66.43  16.00   47.35  18.55
   2796    99.94  1.5610   0.845  0.0346   67.10  15.59   48.12  18.20
   2796   102.20  1.6080   0.870  0.0381   67.88  15.11   49.01  17.79
   2796   104.87  1.6476   0.923  0.0425   68.61  14.55   49.63  17.07
   2796   108.07  1.7030   0.973  0.0414   69.47  13.93   50.61  16.34
   2796   112.04  1.7743   1.037  0.0458   70.63  13.15   52.05  15.53
   2796   117.29  1.8310   1.153  0.0532   72.10  12.09   54.19  14.37
   2796   120.69  1.8062   1.249  0.0626   72.93  11.40   55.52  13.53
   2796   134.90  1.5229   1.635  0.0435   76.57   8.81   62.07  10.33
   2796   139.74  1.4871   1.657  0.0372   77.96   7.86   65.05   9.25
   2796    48.29  3.9171   0.719  0.0288   49.32  14.50   46.89  17.37
   2796    49.26  3.9326   0.735  0.0098   50.50  15.54   45.01  17.99
   2796    51.33  3.9020   0.726  0.0140   52.10  17.40   41.84  18.91
