
File produced by vmc_phase_angle_analysis.pro  (v20151021)

   ID    pa(˚) d_pa(˚)  B   dB   ia(˚) d_ia(˚)  ea(˚) d_ea()
C_END
   2785    85.18  1.3844   0.589  0.0599   62.24  18.41   43.24  20.15
   2785    86.57  1.3657   0.602  0.0599   62.67  18.19   43.59  20.07
   2785    88.01  1.3591   0.607  0.0599   63.15  17.94   43.98  19.95
   2785    89.55  1.3648   0.609  0.0647   63.67  17.66   44.40  19.81
   2785    91.23  1.3818   0.601  0.0608   64.11  17.33   45.02  19.55
   2785    93.10  1.4164   0.611  0.0580   64.76  16.98   45.64  19.30
   2785    95.25  1.4705   0.614  0.0521   65.54  16.53   46.33  18.99
   2785    97.83  1.5527   0.626  0.0448   66.42  16.01   47.28  18.59
   2785   101.11  1.6743   0.652  0.0395   67.62  15.28   48.51  18.01
   2785   105.65  1.8662   0.706  0.0337   69.23  14.27   50.34  17.15
   2785   113.30  2.1214   0.841  0.0283   70.90  12.92   51.55  15.50
   2785    62.28  3.9460   0.739  0.0165   60.79  14.27   46.43  16.65
   2785    62.69  3.9055   0.730  0.0252   61.00  14.76   45.12  17.06
   2785    63.30  3.8250   0.706  0.0295   61.03  15.32   43.52  17.62
   2785    64.15  3.6856   0.694  0.0260   60.76  15.93   41.65  18.36
   2785    65.19  3.5255   0.665  0.0372   60.33  16.68   39.70  19.13
