
File produced by vmc_phase_angle_analysis.pro  (v20151021)

   ID    pa(˚) d_pa(˚)  B   dB   ia(˚) d_ia(˚)  ea(˚) d_ea()
C_END
   2784    85.58  1.3763   0.597  0.0362   62.36  18.33   43.34  20.12
   2784    86.91  1.3592   0.621  0.0352   62.78  18.13   43.69  20.05
   2784    88.29  1.3531   0.638  0.0374   63.23  17.89   44.07  19.92
   2784    89.77  1.3593   0.655  0.0416   63.72  17.61   44.51  19.75
   2784    91.38  1.3807   0.668  0.0387   64.20  17.33   45.02  19.56
   2784    93.18  1.4150   0.685  0.0437   64.78  16.97   45.66  19.31
   2784    95.24  1.4707   0.711  0.0444   65.53  16.53   46.33  18.99
   2784    97.73  1.5546   0.735  0.0370   66.39  16.02   47.25  18.60
   2784   100.88  1.6801   0.771  0.0357   67.55  15.32   48.41  18.06
   2784   105.27  1.8704   0.843  0.0370   69.07  14.33   50.06  17.16
   2784   112.64  2.1721   0.997  0.0504   70.70  13.10   51.22  15.76
   2784   121.44  2.6289   1.295  0.0702   73.88  11.08   56.36  13.97
