
File produced by vmc_phase_angle_analysis.pro  (v20151021)

   ID    pa(˚) d_pa(˚)  B   dB   ia(˚) d_ia(˚)  ea(˚) d_ea()
C_END
   2794    87.61  0.9189   0.718  0.0504   50.39  13.87   51.16  16.45
   2794    88.61  0.9381   0.722  0.0485   51.35  13.92   51.04  16.48
   2794    89.65  0.9607   0.730  0.0472   52.38  13.96   50.93  16.55
   2794    89.86  1.4123   0.726  0.0403   63.70  17.60   44.57  19.76
   2794    91.05  1.4224   0.742  0.0483   64.12  17.37   44.91  19.65
   2794    92.31  1.4369   0.737  0.0444   64.59  17.13   45.31  19.47
   2794    93.66  1.4528   0.758  0.0498   65.00  16.86   45.77  19.28
   2794    95.13  1.4750   0.750  0.0444   65.49  16.57   46.28  19.04
   2794    96.72  1.5027   0.786  0.0404   66.02  16.25   46.89  18.77
   2794    98.49  1.5372   0.788  0.0473   66.62  15.88   47.57  18.47
   2794   100.48  1.5800   0.804  0.0358   67.30  15.47   48.33  18.11
   2794   102.75  1.6312   0.843  0.0347   68.11  14.98   49.17  17.66
   2794   105.45  1.6816   0.882  0.0315   68.87  14.40   49.98  16.99
   2794   108.72  1.7453   0.935  0.0339   69.77  13.75   51.02  16.24
   2794   112.86  1.8246   1.004  0.0400   70.97  12.91   52.55  15.36
   2794   119.68  1.8142   1.149  0.0489   72.62  11.57   54.91  13.67
   2794   133.49  1.6470   1.649  0.0395   76.19   9.07   61.24  10.77
   2794    51.32  3.9129   0.727  0.0229   51.21  15.04   46.09  17.58
   2794    53.51  3.8819   0.693  0.0184   53.15  17.26   42.12  18.77
