
File produced by vmc_phase_angle_analysis.pro  (v20151021)

   ID    pa(˚) d_pa(˚)  B   dB   ia(˚) d_ia(˚)  ea(˚) d_ea()
C_END
   2779    91.29  1.3468   0.649  0.0426   64.13  17.38   45.02  19.58
   2779    92.59  1.3757   0.634  0.0355   64.57  17.08   45.44  19.40
   2779    94.07  1.4274   0.634  0.0293   65.11  16.81   45.92  19.21
   2779    95.80  1.5011   0.643  0.0271   65.73  16.43   46.53  18.95
   2779    97.93  1.6100   0.670  0.0319   66.49  15.95   47.31  18.59
   2779   100.72  1.7769   0.695  0.0312   67.54  15.31   48.32  18.12
   2779   104.93  2.0277   0.740  0.0360   68.26  14.61   48.18  17.15
   2779   110.40  2.4496   0.841  0.0510   70.34  13.40   49.80  16.65
