
File produced by vmc_phase_angle_analysis.pro  (v20151021)

   ID    pa(˚) d_pa(˚)  B   dB   ia(˚) d_ia(˚)  ea(˚) d_ea()
C_END
   2810    84.78  0.9160   0.612  0.0518   48.09  13.87   51.19  16.42
   2810    86.06  0.9347   0.619  0.0501   49.26  13.92   51.09  16.48
   2810    87.38  0.9577   0.629  0.0481   50.50  13.96   50.97  16.55
   2810    88.76  0.9848   0.639  0.0457   51.85  14.00   50.83  16.61
   2810    90.21  1.0182   0.652  0.0425   53.27  14.06   50.66  16.69
   2810    90.91  1.4633   0.662  0.0372   64.08  17.36   44.87  19.65
   2810    92.61  1.4766   0.653  0.0366   64.71  17.07   45.36  19.43
   2810    94.47  1.4851   0.691  0.0368   65.14  16.68   45.80  18.98
   2810    96.50  1.5001   0.707  0.0351   65.67  16.29   46.23  18.56
   2810    98.68  1.5313   0.714  0.0332   66.72  15.83   47.59  18.44
   2810   101.26  1.5453   0.768  0.0336   66.97  15.42   47.53  17.64
   2810   104.15  1.5757   0.814  0.0362   67.79  14.89   48.47  17.09
   2810   107.54  1.6169   0.853  0.0373   68.84  14.29   49.65  16.47
   2810   111.66  1.6654   0.933  0.0394   70.06  13.51   51.22  15.73
   2810   116.88  1.7341   1.065  0.0548   71.68  12.50   53.64  14.76
   2810   123.90  1.8372   1.324  0.0842   73.89  11.06   57.42  13.26
   2810   142.65  1.9242   2.418  0.1142   79.24   7.17   68.27   8.49
   2810   153.19  1.8721   2.506  0.1062   82.07   5.06   74.70   5.81
   2810    28.43  4.2400   0.958  0.0113   53.52  13.90   47.25  16.64
   2810    30.79  4.1938   0.930  0.0259   54.64  14.75   45.28  17.15
   2810    35.34  3.9629   0.804  0.0162   55.35  15.99   41.61  18.05
