
File produced by vmc_phase_angle_analysis.pro  (v20151021)

   ID    pa(˚) d_pa(˚)  B   dB   ia(˚) d_ia(˚)  ea(˚) d_ea()
C_END
   2805    86.12  0.9252   0.669  0.0757   49.22  13.90   51.15  16.45
   2805    87.36  0.9462   0.681  0.0743   50.38  13.94   51.05  16.52
   2805    88.65  0.9708   0.699  0.0689   51.63  13.96   50.91  16.58
   2805    89.99  1.0008   0.716  0.0687   52.97  14.01   50.74  16.64
   2805    90.56  1.4494   0.724  0.0657   63.95  17.43   44.77  19.65
   2805    92.13  1.4604   0.727  0.0608   64.52  17.13   45.27  19.47
   2805    93.83  1.4717   0.769  0.0658   64.95  16.81   45.72  19.12
   2805    95.68  1.4866   0.771  0.0547   65.44  16.45   46.08  18.72
   2805    97.67  1.5154   0.792  0.0532   66.37  16.03   47.22  18.60
   2805    99.98  1.5322   0.830  0.0433   66.62  15.65   47.16  17.88
   2805   102.55  1.5634   0.869  0.0367   67.34  15.19   47.91  17.40
   2805   105.54  1.6010   0.909  0.0319   68.19  14.64   48.94  16.85
   2805   109.08  1.6506   0.979  0.0445   69.33  13.98   50.23  16.19
   2805   113.48  1.7117   1.072  0.0572   70.69  13.13   52.03  15.38
   2805   119.20  1.7961   1.228  0.0657   72.48  11.99   54.84  14.26
   2805   124.20  1.8688   1.403  0.0902   74.04  10.94   57.54  13.15
   2805   140.77  1.7063   1.886  0.0621   78.56   7.57   66.62   8.90
   2805   144.51  1.6186   1.903  0.0607   79.55   6.85   68.80   7.96
   2805    37.58  4.1142   0.794  0.0184   51.47  15.10   45.04  17.62
   2805    40.94  4.0569   0.766  0.0138   52.86  16.77   42.00  18.45
