
File produced by vmc_phase_angle_analysis.pro  (v20151021)

   ID    pa(˚) d_pa(˚)  B   dB   ia(˚) d_ia(˚)  ea(˚) d_ea()
C_END
   2638    93.16  1.6449   0.753  0.0366   64.96  16.84   45.57  19.34
   2638    94.24  1.7298   0.710  0.0293   64.39  16.89   43.88  18.95
   2638    95.38  1.8229   0.706  0.0282   64.68  16.72   43.98  18.88
   2638    96.71  1.9409   0.707  0.0261   65.11  16.51   44.14  18.85
   2638    98.32  2.0904   0.709  0.0237   65.72  16.20   44.50  18.78
   2638    99.99  2.1076   0.747  0.0257   68.97  13.63   46.25  17.35
   2638   101.75  1.9833   0.763  0.0243   72.83  10.53   41.36  13.87
