
File produced by vmc_phase_angle_analysis.pro  (v20151021)

   ID    pa(˚) d_pa(˚)  B   dB   ia(˚) d_ia(˚)  ea(˚) d_ea()
C_END
   2068    89.06  1.6422   0.714  0.0474   63.66  17.61   44.19  19.90
   2068    88.37  1.7089   0.706  0.0329   63.49  17.69   43.97  19.97
   2068    87.64  1.7868   0.711  0.0288   63.31  17.80   43.74  20.05
   2068    86.86  1.8744   0.713  0.0265   63.11  17.89   43.48  20.10
   2068    86.04  1.9751   0.727  0.0248   62.79  17.97   43.08  20.07
   2068    85.17  2.0952   0.735  0.0248   62.36  18.05   42.51  19.98
   2068    84.22  2.2414   0.744  0.0225   61.88  18.16   41.86  19.92
