
File produced by vmc_phase_angle_analysis.pro  (v20151021)

   ID    pa(˚) d_pa(˚)  B   dB   ia(˚) d_ia(˚)  ea(˚) d_ea()
C_END
   2454    92.88  1.3312   0.544  0.0285   64.62  17.05   45.60  19.29
   2454    90.17  1.4832   0.533  0.0218   63.78  17.49   44.71  19.72
   2454    87.85  1.6499   0.525  0.0187   63.16  17.85   43.91  20.00
   2454    85.16  1.8882   0.522  0.0175   62.40  18.24   43.19  20.21
   2454    81.86  2.2545   0.519  0.0156   61.50  18.64   42.45  20.29
   2454    77.45  2.8898   0.509  0.0162   60.38  19.10   41.73  20.20
   2454    70.88  4.3998   0.499  0.0135   56.47  19.77   37.31  18.08
