
File produced by vmc_phase_angle_analysis.pro  (v20151021)

   ID    pa(˚) d_pa(˚)  B   dB   ia(˚) d_ia(˚)  ea(˚) d_ea()
C_END
   2807    83.21  0.8937   0.597  0.0721   46.66  13.83   51.33  16.37
   2807    84.39  0.9057   0.602  0.0710   47.70  13.85   51.24  16.38
   2807    85.61  0.9217   0.606  0.0686   48.80  13.88   51.15  16.43
   2807    86.87  0.9410   0.612  0.0653   49.99  13.89   51.04  16.48
   2807    88.18  0.9667   0.620  0.0626   51.20  13.98   50.92  16.55
   2807    89.55  0.9953   0.632  0.0571   52.56  14.01   50.75  16.61
   2807    90.11  1.4523   0.652  0.0619   63.80  17.51   44.64  19.73
   2807    91.70  1.4619   0.650  0.0505   64.35  17.23   45.13  19.53
   2807    93.42  1.4712   0.660  0.0444   64.81  16.88   45.54  19.19
   2807    95.25  1.4902   0.680  0.0462   65.54  16.52   46.34  18.99
   2807    97.31  1.5056   0.726  0.0524   65.91  16.16   46.48  18.39
   2807    99.58  1.5273   0.729  0.0412   66.50  15.73   47.06  17.96
   2807   102.15  1.5559   0.763  0.0327   67.22  15.26   47.81  17.46
   2807   105.12  1.5910   0.820  0.0362   68.06  14.72   48.81  16.93
   2807   108.63  1.6370   0.878  0.0576   69.17  14.07   50.01  16.27
   2807   112.96  1.6941   0.970  0.0652   70.48  13.26   51.77  15.51
   2807   118.53  1.7728   1.119  0.0639   72.22  12.15   54.49  14.43
   2807   124.72  1.8689   1.346  0.0859   74.18  10.85   57.87  13.05
   2807   144.12  1.7665   2.093  0.0778   79.52   6.90   68.84   8.09
   2807    33.64  4.1705   0.818  0.0129   51.93  14.40   46.30  17.13
   2807    35.59  4.1678   0.788  0.0169   52.95  15.25   44.57  17.64
   2807    39.32  4.0432   0.733  0.0135   53.88  16.74   41.50  18.44
