
File produced by vmc_phase_angle_analysis.pro  (v20151021)

   ID    pa(˚) d_pa(˚)  B   dB   ia(˚) d_ia(˚)  ea(˚) d_ea()
C_END
   2781    90.89  1.3544   0.680  0.0508   64.01  17.44   44.90  19.64
   2781    92.33  1.3845   0.671  0.0465   64.57  17.15   45.32  19.45
   2781    93.41  1.4116   0.712  0.0576   64.89  16.94   45.69  19.28
   2781    95.22  1.4719   0.720  0.0548   65.54  16.54   46.29  19.02
   2781    97.40  1.5626   0.726  0.0542   66.30  16.08   47.11  18.68
   2781   100.19  1.6996   0.743  0.0514   67.31  15.46   48.15  18.20
   2781   104.12  1.8914   0.778  0.0490   68.43  14.59   49.00  17.23
   2781   110.62  2.2932   0.898  0.0482   70.03  13.59   50.04  16.49
   2781    67.64  3.6972   0.900  0.0139   65.66  13.19   45.25  16.74
   2781    68.09  3.6108   0.897  0.0330   65.41  13.55   43.99  17.26
   2781    68.68  3.5058   0.863  0.0542   65.04  14.03   42.46  17.92
   2781    69.46  3.3747   0.820  0.0469   64.46  14.69   40.61  18.72
   2781    70.56  3.1998   0.776  0.0419   63.53  15.65   38.45  19.67
