
File produced by vmc_phase_angle_analysis.pro  (v20151021)

   ID    pa(˚) d_pa(˚)  B   dB   ia(˚) d_ia(˚)  ea(˚) d_ea()
C_END
   2456    98.14  1.1509   0.650  0.1422   66.17  16.17   47.59  18.44
   2456    92.40  1.3600   0.547  0.1084   64.40  17.15   45.43  19.42
   2456    87.76  1.6520   0.541  0.1114   63.13  17.87   43.90  20.02
   2456    81.41  2.2689   0.515  0.0993   61.35  18.72   42.36  20.29
   2456    76.72  2.9171   0.507  0.0953   60.13  19.21   41.66  20.18
   2456    69.67  4.4596   0.503  0.0862   55.93  19.88   37.26  17.99
