
File produced by vmc_phase_angle_analysis.pro  (v20151021)

   ID    pa(˚) d_pa(˚)  B   dB   ia(˚) d_ia(˚)  ea(˚) d_ea()
C_END
   2778    91.50  1.3395   0.607  0.0466   64.12  17.31   45.18  19.51
   2778    92.71  1.3754   0.594  0.0442   64.66  17.07   45.43  19.40
   2778    93.63  1.4068   0.619  0.0481   64.93  16.90   45.80  19.27
   2778    95.17  1.4734   0.624  0.0478   65.53  16.55   46.28  19.05
   2778    97.04  1.5713   0.627  0.0501   66.16  16.14   46.98  18.73
   2778    99.43  1.7201   0.581  0.0398   67.06  15.61   47.84  18.34
   2778   102.87  1.9327   0.614  0.0437   67.78  14.92   47.96  17.45
   2778   108.43  2.3803   0.755  0.0539   69.68  13.79   48.64  16.97
   2778   112.63  2.6316   0.892  0.0627   72.85  11.68   51.67  15.89
