
File produced by vmc_phase_angle_analysis.pro  (v20151021)

   ID    pa(˚) d_pa(˚)  B   dB   ia(˚) d_ia(˚)  ea(˚) d_ea()
C_END
   2782    86.39  1.3618   0.600  0.0523   62.64  18.21   43.52  20.09
   2782    87.60  1.3466   0.611  0.0506   63.01  18.02   43.85  20.00
   2782    88.86  1.3426   0.617  0.0495   63.42  17.79   44.23  19.87
   2782    90.21  1.3507   0.624  0.0450   63.86  17.54   44.64  19.71
   2782    91.69  1.3731   0.633  0.0373   64.28  17.26   45.16  19.49
   2782    93.33  1.4132   0.655  0.0351   64.87  16.95   45.66  19.32
   2782    95.23  1.4712   0.661  0.0388   65.54  16.53   46.32  19.00
   2782    97.52  1.5596   0.677  0.0333   66.32  16.06   47.17  18.64
   2782   100.43  1.6930   0.704  0.0314   67.39  15.42   48.24  18.15
   2782   104.52  1.8808   0.751  0.0305   68.63  14.50   49.32  17.18
   2782   111.31  2.2578   0.887  0.0398   70.27  13.42   50.42  16.27
   2782   116.76  2.6192   1.059  0.0521   72.45  12.11   53.79  15.26
   2782    66.25  3.7945   0.935  0.0316   64.54  13.55   45.51  16.68
   2782    66.71  3.7047   0.915  0.0480   64.35  13.91   44.23  17.19
   2782    67.32  3.5962   0.873  0.0476   64.02  14.38   42.66  17.84
